0.0,[ 1.09805633  5.33828105  1.50553025 -2.09167442 -2.34325181  5.62171848]
0.02004008016032064,[ 1.10223629  5.33826792  1.51462114 -2.12003138 -2.36802071  5.61402836]
0.04008016032064128,[ 1.10437489  5.33749219  1.51953692 -2.13626422 -2.38105366  5.60890245]
0.06012024048096192,[ 1.10438965  5.33580764  1.51920082 -2.13622858 -2.38133017  5.60890245]
0.08016032064128256,[ 1.10439299  5.33412324  1.51886526 -2.13619289 -2.38160855  5.60890245]
0.1002004008016032,[ 1.10438489  5.33243907  1.51853026 -2.13615712 -2.38188882  5.60890245]
0.12024048096192384,[ 1.10436537  5.33075517  1.51819583 -2.13612129 -2.38217095  5.60890245]
0.1402805611222445,[ 1.10433441  5.3290716   1.517862   -2.13608539 -2.38245494  5.60890245]
0.16032064128256512,[ 1.10442085  5.32451299  1.52055373 -2.1347986  -2.38315076  5.60890245]
0.18036072144288576,[ 1.10436561  5.32289354  1.52014947 -2.13479204 -2.38342934  5.60890245]
0.2004008016032064,[ 1.10429905  5.32127442  1.51974605 -2.13478532 -2.38370975  5.60890245]
0.22044088176352705,[ 1.10422116  5.31965567  1.51934349 -2.13477844 -2.38399198  5.60890245]
0.24048096192384769,[ 1.10413196  5.31803736  1.51894181 -2.13477139 -2.38427601  5.60890245]
0.2605210420841683,[ 1.10403145  5.31641954  1.51854102 -2.13476419 -2.38456184  5.60890245]
0.280561122244489,[ 1.10391961  5.31480226  1.51814114 -2.13475683 -2.38484945  5.60890245]
0.3006012024048096,[ 1.10379647  5.3131856   1.51774217 -2.1347493  -2.38513883  5.60890245]
0.32064128256513025,[ 1.10366201  5.3115696   1.51734415 -2.13474162 -2.38542998  5.60890245]
0.3406813627254509,[ 1.10351624  5.30995432  1.51694708 -2.13473377 -2.38572287  5.60890245]
0.3607214428857715,[ 1.10335916  5.30833982  1.51655098 -2.13472577 -2.3860175   5.60890245]
0.3807615230460922,[ 1.10319078  5.30672616  1.51615586 -2.1347176  -2.38631386  5.60890245]
0.4008016032064128,[ 1.10301109  5.30511339  1.51576174 -2.13470927 -2.38661194  5.60890245]
0.42084168336673344,[ 1.1028201   5.30350158  1.51536864 -2.13470077 -2.38691172  5.60890245]
0.4408817635270541,[ 1.10261782  5.30189077  1.51497657 -2.13469212 -2.3872132   5.60890245]
0.4609218436873747,[ 1.10240424  5.30028103  1.51458554 -2.1346833  -2.38751636  5.60890245]
0.48096192384769537,[ 1.10217937  5.29867241  1.51419558 -2.13467432 -2.38782119  5.60890245]
0.501002004008016,[ 1.10194322  5.29706498  1.5138067  -2.13466518 -2.38812768  5.60890245]
0.5210420841683366,[ 1.10169578  5.29545878  1.51341891 -2.13465588 -2.38843582  5.60890245]
0.5410821643286573,[ 1.10143706  5.29385388  1.51303222 -2.13464641 -2.3887456   5.60890245]
0.561122244488978,[ 1.1014401   5.28945962  1.51445782 -2.13379918 -2.38944684  5.60890245]
0.5811623246492986,[ 1.10116395  5.28794714  1.51398965 -2.13382497 -2.38974557  5.60890245]
0.6012024048096192,[ 1.10087687  5.2864358   1.51352303 -2.13385041 -2.39004589  5.60890245]
0.6212424849699398,[ 1.10057887  5.28492565  1.51305797 -2.13387551 -2.39034779  5.60890245]
0.6412825651302605,[ 1.10026994  5.28341675  1.5125945  -2.13390027 -2.39065126  5.60890245]
0.6613226452905812,[ 1.0999501   5.28190915  1.51213263 -2.13392468 -2.39095628  5.60890245]
0.6813627254509018,[ 1.09961935  5.2804029   1.51167239 -2.13394875 -2.39126284  5.60890245]
0.7014028056112224,[ 1.0992777   5.27889807  1.51121379 -2.13397246 -2.39157094  5.60890245]
0.721442885771543,[ 1.09892515  5.2773947   1.51075685 -2.13399583 -2.39188056  5.60890245]
0.7414829659318637,[ 1.09856172  5.27589284  1.51030159 -2.13401884 -2.39219169  5.60890245]
0.7615230460921844,[ 1.09818742  5.27439256  1.50984802 -2.1340415  -2.39250432  5.60890245]
0.781563126252505,[ 1.09780224  5.27289391  1.50939618 -2.1340638  -2.39281844  5.60890245]
0.8016032064128256,[ 1.09740621  5.27139694  1.50894606 -2.13408574 -2.39313403  5.60890245]
0.8216432865731462,[ 1.09699932  5.2699017   1.5084977  -2.13410732 -2.39345109  5.60890245]
0.8416833667334669,[ 1.09658159  5.26840825  1.50805111 -2.13412855 -2.39376961  5.60890245]
0.8617234468937875,[ 1.09615302  5.26691665  1.5076063  -2.1341494  -2.39408956  5.60890245]
0.8817635270541082,[ 1.09571363  5.26542694  1.50716331 -2.1341699  -2.39441095  5.60890245]
0.9018036072144289,[ 1.09526343  5.26393918  1.50672213 -2.13419002 -2.39473375  5.60890245]
0.9218436873747494,[ 1.09480242  5.26245343  1.50628281 -2.13420978 -2.39505796  5.60890245]
0.9418837675350701,[ 1.09433062  5.26096973  1.50584534 -2.13422917 -2.39538357  5.60890245]
0.9619238476953907,[ 1.09384804  5.25948815  1.50540976 -2.13424818 -2.39571056  5.60890245]
0.9819639278557114,[ 1.09335468  5.25800874  1.50497607 -2.13426683 -2.39603893  5.60890245]
1.002004008016032,[ 1.09285057  5.25653154  1.5045443  -2.13428509 -2.39636865  5.60890245]
1.0220440881763526,[ 1.0923357   5.25505663  1.50411446 -2.13430298 -2.39669973  5.60890245]
1.0420841683366733,[ 1.0918101   5.25358403  1.50368658 -2.13432048 -2.39703214  5.60890245]
1.062124248496994,[ 1.09127377  5.25211383  1.50326067 -2.13433761 -2.39736588  5.60890245]
1.0821643286573146,[ 1.09072673  5.25064606  1.50283674 -2.13435435 -2.39770093  5.60890245]
1.1022044088176353,[ 1.09016899  5.24918077  1.50241483 -2.13437071 -2.39803728  5.60890245]
1.122244488977956,[ 1.08960056  5.24771803  1.50199493 -2.13438668 -2.39837492  5.60890245]
1.1422845691382766,[ 1.08902146  5.24625789  1.50157708 -2.13440226 -2.39871384  5.60890245]
1.1623246492985972,[ 1.0884317   5.2448004   1.50116129 -2.13441745 -2.39905402  5.60890245]
1.1823647294589177,[ 1.08783129  5.24334561  1.50074758 -2.13443225 -2.39939546  5.60890245]
1.2024048096192383,[ 1.08722025  5.24189358  1.50033597 -2.13444665 -2.39973814  5.60890245]
1.222444889779559,[ 1.08659859  5.24044437  1.49992646 -2.13446066 -2.40008205  5.60890245]
1.2424849699398797,[ 1.08596633  5.23899801  1.49951909 -2.13447427 -2.40042718  5.60890245]
1.2625250501002003,[ 1.08532349  5.23755458  1.49911387 -2.13448747 -2.40077351  5.60890245]
1.282565130260521,[ 1.08467007  5.23611411  1.49871082 -2.13450028 -2.40112103  5.60890245]
1.3026052104208417,[ 1.0840061   5.23467667  1.49830995 -2.13451268 -2.40146973  5.60890245]
1.3226452905811623,[ 1.08333158  5.23324231  1.49791129 -2.13452468 -2.4018196   5.60890245]
1.342685370741483,[ 1.08264655  5.23181108  1.49751484 -2.13453627 -2.40217063  5.60890245]
1.3627254509018036,[ 1.08195101  5.23038303  1.49712063 -2.13454745 -2.4025228   5.60890245]
1.3827655310621243,[ 1.08124497  5.22895822  1.49672868 -2.13455823 -2.4028761   5.60890245]
1.4028056112224447,[ 1.08052847  5.22753671  1.49633899 -2.13456858 -2.40323052  5.60890245]
1.4228456913827654,[ 1.07980151  5.22611853  1.4959516  -2.13457853 -2.40358604  5.60890245]
1.442885771543086,[ 1.07906412  5.22470375  1.49556652 -2.13458805 -2.40394266  5.60890245]
1.4629258517034067,[ 1.07831631  5.22329242  1.49518376 -2.13459716 -2.40430035  5.60890245]
1.4829659318637274,[ 1.0775581   5.2218846   1.49480334 -2.13460585 -2.40465912  5.60890245]
1.503006012024048,[ 1.07678951  5.22048033  1.49442528 -2.13461411 -2.40501894  5.60890245]
1.5230460921843687,[ 1.07601057  5.21907966  1.4940496  -2.13462195 -2.4053798   5.60890245]
1.5430861723446894,[ 1.07522128  5.21768266  1.49367631 -2.13462937 -2.40574169  5.60890245]
1.56312625250501,[ 1.07442167  5.21628937  1.49330543 -2.13463636 -2.4061046   5.60890245]
1.5831663326653307,[ 1.07361177  5.21489984  1.49293698 -2.13464291 -2.40646851  5.60890245]
1.6032064128256511,[ 1.07279158  5.21351413  1.49257097 -2.13464904 -2.40683341  5.60890245]
1.6232464929859718,[ 1.07196114  5.2121323   1.49220742 -2.13465473 -2.40719929  5.60890245]
1.6432865731462925,[ 1.07112046  5.21075438  1.49184635 -2.13465999 -2.40756613  5.60890245]
1.6633266533066131,[ 1.07026958  5.20938044  1.49148778 -2.13466482 -2.40793393  5.60890245]
1.6833667334669338,[ 1.0694085   5.20801053  1.49113172 -2.1346692  -2.40830266  5.60890245]
1.7034068136272544,[ 1.06853725  5.2066447   1.49077819 -2.13467314 -2.40867232  5.60890245]
1.723446893787575,[ 1.06765586  5.205283    1.4904272  -2.13467664 -2.40904289  5.60890245]
1.7434869739478958,[ 1.06676434  5.20392548  1.49007878 -2.1346797  -2.40941436  5.60890245]
1.7635270541082164,[ 1.06586273  5.2025722   1.48973293 -2.13468231 -2.40978672  5.60890245]
1.783567134268537,[ 1.06495105  5.2012232   1.48938968 -2.13468447 -2.41015995  5.60890245]
1.8036072144288577,[ 1.06389874  5.19984129  1.48863511 -2.13350075 -2.40970911  5.60926748]
1.8236472945891782,[ 1.06270606  5.19837154  1.48758808 -2.13132211 -2.40844067  5.60994558]
1.8436873747494988,[ 1.06145445  5.19686659  1.48645028 -2.12880977 -2.40686981  5.6107234 ]
1.8637274549098195,[ 1.06019253  5.19536521  1.48532469 -2.12632798 -2.40530237  5.61148382]
1.8837675350701402,[ 1.05753892  5.19166186  1.48691843 -2.12275666 -2.40426392  5.61223682]
1.9038076152304608,[ 1.05620205  5.1901221   1.48578663 -2.12009919 -2.40256492  5.61302941]
1.9238476953907815,[ 1.05478284  5.18855655  1.48448296 -2.11692167 -2.40042505  5.61396   ]
1.9438877755511021,[ 1.05333176  5.18699072  1.48313058 -2.11360549 -2.39815896  5.6149202 ]
1.9639278557114228,[ 1.05180496  5.18540651  1.48162091 -2.1098259  -2.39549785  5.61599823]
1.9839679358717435,[ 1.05020013  5.18380439  1.47995279 -2.10558684 -2.39243141  5.6171855 ]
2.004008016032064,[ 1.0485398   5.18219469  1.47818849 -2.10108198 -2.38910202  5.61841984]
2.024048096192385,[ 1.04681335  5.18057491  1.4763038  -2.09624572 -2.38544821  5.61971341]
2.0440881763527052,[ 1.04524078  5.17903264  1.47482915 -2.09264702 -2.38280528  5.62065165]
2.064128256513026,[ 1.04348788  5.1774357   1.47295889 -2.08790455 -2.37914603  5.62186191]
2.0841683366733466,[ 1.04172098  5.17585075  1.47109571 -2.08321166 -2.37548139  5.62302626]
2.1042084168336674,[ 1.04011015  5.17433874  1.46963695 -2.07971424 -2.37282783  5.62386971]
2.124248496993988,[ 1.03819331  5.17273384  1.46749989 -2.07428469 -2.36842194  5.62514748]
2.1442885771543083,[ 1.03638306  5.17118349  1.46565329 -2.06971984 -2.36473131  5.62618359]
2.164328657314629,[ 1.0347911   5.16972121  1.46434202 -2.06669549 -2.36240549  5.6268481 ]
2.1843687374749496,[ 1.03295619  5.16819276  1.46251257 -2.06222057 -2.35871685  5.62780821]
2.2044088176352705,[ 1.03110779  5.16667594  1.46069126 -2.05779329 -2.35502504  5.62872498]
2.224448897795591,[ 1.0292989   5.16518565  1.45900038 -2.05375475 -2.35163938  5.62952155]
2.244488977955912,[ 1.02742368  5.16369121  1.45719528 -2.04941832 -2.34794048  5.63035464]
2.2645290581162323,[ 1.02553347  5.16220782  1.45539456 -2.04511678 -2.3442292   5.63114835]
2.284569138276553,[ 1.02362946  5.16073567  1.45360116 -2.04085765 -2.34051238  5.63190111]
2.3046092184368736,[ 1.02171182  5.15927474  1.45181549 -2.03664126 -2.33679084  5.63261312]
2.3246492985971945,[ 1.01978061  5.15782495  1.45003765 -2.03246722 -2.33306477  5.63328481]
2.344689378757515,[ 1.01783587  5.15638625  1.4482677  -2.02833495 -2.32933422  5.63391661]
2.3647294589178354,[ 1.01587855  5.15495884  1.44650734 -2.0242481  -2.32560428  5.63450894]
2.3847695390781563,[ 1.01390815  5.1535425   1.44475565 -2.0202036  -2.32187205  5.63506233]
2.4048096192384767,[ 1.01191436  5.15213188  1.44300236 -2.01617773 -2.31808047  5.63556065]
2.4248496993987976,[ 1.0099106   5.15073576  1.44125417 -2.01218063 -2.31430298  5.63603911]
2.444889779559118,[ 1.00789008  5.14934995  1.43950693 -2.00820424 -2.31050229  5.63648193]
2.464929859719439,[ 1.00585186  5.14797417  1.43775924 -2.0042447  -2.30667334  5.63688902]
2.4849699398797593,[ 1.003539    5.14655147  1.43552558 -1.99906483 -2.30140214  5.63733885]
2.50501002004008,[ 1.00118132  5.1450808   1.43337738 -1.99405517 -2.29597225  5.63768503]
2.5250501002004007,[ 0.99905576  5.1437935   1.43142093 -1.98968916 -2.29187653  5.6381054 ]
2.5450901803607215,[ 0.99686769  5.14244639  1.42953622 -1.98546965 -2.28751927  5.63836231]
2.565130260521042,[ 0.99465332  5.14110754  1.42764218 -1.98124662 -2.2830916   5.63857316]
2.5851703406813624,[ 0.99241666  5.13977876  1.42574433 -1.97703451 -2.27861556  5.63873876]
2.6052104208416833,[ 0.99015715  5.13846005  1.42384191 -1.97283118 -2.27408848  5.6388589 ]
2.6252505010020037,[ 0.98774182  5.13712583  1.42170973 -1.96808759 -2.26880403  5.63891436]
2.6452905811623246,[ 0.98539713  5.13573958  1.41988884 -1.96396097 -2.26397404  5.63895434]
2.665330661322645,[ 0.98306766  5.13453831  1.41780311 -1.9595234  -2.25928677  5.63896311]
2.685370741482966,[ 0.98077705  5.13327158  1.41599086 -1.95561827 -2.25487988  5.63890229]
2.7054108216432864,[ 0.97834027  5.13199414  1.41397119 -1.95123212 -2.24977713  5.63876961]
2.7254509018036073,[ 0.97594313  5.13073677  1.41205652 -1.94711794 -2.2449536   5.63859386]
2.7454909819639277,[ 0.97352339  5.1294898   1.41014099 -1.94301975 -2.24008289  5.63836817]
2.7655310621242486,[ 0.97028852  5.12803827  1.40716032 -1.93625952 -2.2311044   5.63774804]
2.785571142284569,[ 0.9679412   5.12693804  1.40523111 -1.93234478 -2.22674653  5.63752818]
2.8056112224448895,[ 0.96547876  5.12572709  1.40337177 -1.92844274 -2.22187993  5.63712918]
2.8256513026052104,[ 0.96300185  5.12452669  1.40152631 -1.92458754 -2.21700738  5.63668379]
2.845691382765531,[ 0.96050988  5.12333702  1.39969304 -1.92077477 -2.21212556  5.63619294]
2.8657314629258517,[ 0.95785027  5.1221409   1.39763996 -1.91647096 -2.20646818  5.63557666]
2.885771543086172,[ 0.9553251   5.12097286  1.39582888 -1.91273847 -2.20155492  5.63498884]
2.905811623246493,[ 0.95279098  5.11981493  1.3940429  -1.90907821 -2.19666265  5.63435026]
2.9258517034068134,[ 0.95023368  5.11866775  1.39225318 -1.90541881 -2.19171916  5.63367323]
2.9458917835671343,[ 0.94766293  5.11753119  1.39047827 -1.9018046  -2.18677332  5.632953  ]
2.9659318637274548,[ 0.94478622  5.11637506  1.38830567 -1.89730712 -2.18038878  5.63197981]
2.9859719438877756,[ 0.9420425   5.1152454   1.3863631  -1.89334268 -2.1747296   5.63105463]
3.006012024048096,[ 0.93935179  5.11413369  1.38453047 -1.88963665 -2.16939608  5.63013213]
3.0260521042084165,[ 0.93655604  5.11302294  1.38259474 -1.88571378 -2.16361899  5.62908134]
3.0460921843687374,[ 0.9336785   5.11191813  1.38058552 -1.88163909 -2.15751522  5.62792738]
3.066132264529058,[ 0.93081175  5.11082515  1.37863512 -1.87770694 -2.15153326  5.62673677]
3.0861723446893787,[ 0.92797389  5.10974867  1.3767569  -1.87394471 -2.14575678  5.62553751]
3.106212424849699,[ 0.92505284  5.10867594  1.37481305 -1.87004845 -2.13965054  5.62421995]
3.12625250501002,[ 0.92225166  5.10762688  1.37305428 -1.86656654 -2.1341783   5.62298653]
3.1462925851703405,[ 0.9194284   5.10658773  1.37130176 -1.86310552 -2.12866316  5.62170118]
3.1663326653306614,[ 0.91627012  5.10552948  1.36918918 -1.85887503 -2.12163956  5.62000573]
3.186372745490982,[ 0.91307209  5.10446336  1.3671172  -1.85474562 -2.11450727  5.61814186]
3.2064128256513023,[ 0.91025826  5.10348473  1.36542195 -1.85141359 -2.10922161  5.6169073 ]
3.226452905811623,[ 0.90724149  5.10247798  1.36358679 -1.84780058 -2.10305968  5.61528225]
3.2464929859719436,[ 0.90420174  5.10147984  1.36176589 -1.84422416 -2.09685516  5.61359271]
3.2665330661322645,[ 0.90115146  5.10049049  1.35997576 -1.84072084 -2.09066556  5.61184585]
3.286573146292585,[ 0.89782538  5.09948227  1.35794337 -1.83669327 -2.08328051  5.60971889]
3.306613226452906,[ 0.89549702  5.09850868  1.35711076 -1.83515835 -2.08050398  5.60885132]
3.3266533066132262,[ 0.89245772  5.09763467  1.35526901 -1.83163381 -2.07452763  5.60709336]
3.346693386773547,[ 0.88937435  5.0966905   1.35356944 -1.82833193 -2.0684182   5.60521746]
3.3667334669338675,[ 0.88626007  5.09575467  1.35187379 -1.8250387  -2.06222777  5.60327393]
3.3867735470941884,[ 0.88312411  5.09482833  1.35019113 -1.82177351 -2.05599794  5.60127444]
3.406813627254509,[ 0.87893131  5.09367719  1.3478207  -1.8168376  -2.04513747  5.59775156]
3.4268537074148293,[ 0.87581249  5.09293943  1.34592681 -1.81332839 -2.03909471  5.59573559]
3.44689378757515,[ 0.87261049  5.09204383  1.34429687 -1.81017313 -2.03275815  5.59354897]
3.4669338677354706,[ 0.86939243  5.09115785  1.34268623 -1.80705549 -2.02640628  5.59131602]
3.4869739478957915,[ 0.86641715  5.09029926  1.34132769 -1.80447169 -2.02117308  5.58941948]
3.507014028056112,[ 0.86316767  5.08943324  1.33975025 -1.80141709 -2.01478798  5.58710112]
3.527054108216433,[ 0.86007872  5.08858777  1.33834832 -1.79873357 -2.00915534  5.58499709]
3.5470941883767533,[ 0.85678072  5.08774107  1.33678992 -1.79570968 -2.00266263  5.5825655 ]
3.567134268537074,[ 0.85356761  5.08691062  1.33533607 -1.79290293 -1.99658935  5.58024498]
3.5871743486973946,[ 0.85026428  5.08608483  1.33383777 -1.78999388 -1.99017622  5.57776634]
3.6072144288577155,[ 0.84720037  5.08528607  1.33256349 -1.78755904 -1.98484154  5.57564829]
3.627254509018036,[ 0.84412335  5.08449737  1.33130222 -1.7851456  -1.97949348  5.57349902]
3.6472945891783564,[ 0.84094418  5.08371115  1.32998845 -1.7826119  -1.97375176  5.57116949]
3.6673346693386772,[ 0.83775365  5.08293665  1.32868786 -1.78009819 -1.96800523  5.56881442]
3.6873747494989977,[ 0.83453554  5.08217215  1.32738991 -1.7775819  -1.9621847   5.56640256]
3.7074148296593186,[ 0.83129948  5.08141766  1.32610364 -1.77508176 -1.95633116  5.56394882]
3.727454909819639,[ 0.82804379  5.08067309  1.32482801 -1.77259496 -1.95043717  5.56145014]
3.74749498997996,[ 0.82476237  5.0799381   1.32355881 -1.77011176 -1.94447687  5.55889595]
3.7675350701402803,[ 0.82131156  5.079196    1.32221378 -1.76745057 -1.93784903  5.55601126]
3.787575150300601,[ 0.81864147  5.07849484  1.32147181 -1.76607951 -1.93453423  5.55446667]
3.8076152304609217,[ 0.81531425  5.07782399  1.32016921 -1.76351441 -1.9284954   5.55185831]
3.8276553106212425,[ 0.81185358  5.07712274  1.31887178 -1.76092208 -1.92194506  5.54895661]
3.847695390781563,[ 0.80855007  5.07644154  1.31770685 -1.75861012 -1.91608952  5.54631317]
3.8677354709418834,[ 0.80521903  5.07576985  1.31654736 -1.75629682 -1.9101576   5.54361066]
3.8877755511022043,[ 0.80180747  5.07509971  1.31537076 -1.75392751 -1.90393113  5.54074359]
3.9078156312625247,[ 0.79840949  5.07433812  1.31442057 -1.75190266 -1.89781057  5.53790403]
3.9278557114228456,[ 0.79511588  5.07381591  1.31313783 -1.74942083 -1.89212956  5.53526031]
3.947895791583166,[ 0.79179539  5.07319128  1.31207362 -1.74726645 -1.88638572  5.53253804]
3.967935871743487,[ 0.78844771  5.07257469  1.31101779 -1.74511334 -1.88056445  5.5297569 ]
3.9879759519038074,[ 0.78508077  5.07196813  1.30997261 -1.74296819 -1.87469796  5.52693128]
4.008016032064128,[ 0.78169679  5.07137184  1.30893936 -1.74083358 -1.86879491  5.52406498]
4.028056112224449,[ 0.77799981  5.07073215  1.30782339 -1.73842226 -1.86165862  5.52059445]
4.04809619238477,[ 0.77468316  5.07019987  1.30680278 -1.73634236 -1.85608931  5.51784546]
4.06813627254509,[ 0.77117948  5.06984064  1.30533742 -1.73329471 -1.84981474  5.51463234]
4.0881763527054105,[ 0.76769448  5.06908125  1.30476001 -1.73199696 -1.84361597  5.51162491]
4.108216432865731,[ 0.76435005  5.06854036  1.30386266 -1.73008688 -1.83802917  5.50878582]
4.128256513026052,[ 0.76099904  5.06801359  1.30297431 -1.72818292 -1.83244371  5.50592569]
4.148296593186372,[ 0.75763928  5.06749819  1.30209923 -1.72629258 -1.82685009  5.50304125]
4.168336673346693,[ 0.75437791  5.06699938  1.3012901  -1.72454786 -1.82167674  5.50033541]
4.188376753507014,[ 0.75089595  5.06650055  1.30039244 -1.72255985 -1.81564601  5.49720077]
4.208416833667335,[ 0.74740633  5.06601286  1.29951139 -1.72059003 -1.80961143  5.49404169]
4.228456913827655,[ 0.74390815  5.06553631  1.29864643 -1.71863685 -1.80356878  5.4908562 ]
4.248496993987976,[ 0.74040102  5.06507089  1.29779736 -1.71669947 -1.79751587  5.48764324]
4.268537074148297,[ 0.73688332  5.06461651  1.29696349 -1.71477577 -1.79144574  5.48439911]
4.288577154308617,[ 0.73345542  5.06417774  1.29618833 -1.71298178 -1.78575525  5.48132049]
4.3086172344689375,[ 0.73002722  5.06375109  1.29542932 -1.71120692 -1.78008557  5.47823529]
4.328657314629258,[ 0.72658717  5.06333564  1.29468246 -1.70943984 -1.7743905   5.47511819]
4.348697394789579,[ 0.72313959  5.06293146  1.29394988 -1.70768573 -1.76868659  5.47197732]
4.368737474949899,[ 0.71968498  5.06253858  1.29323175 -1.70594482 -1.76297519  5.4688134 ]
4.38877755511022,[ 0.71622356  5.06215705  1.29252811 -1.70421699 -1.7572566   5.46562663]
4.408817635270541,[ 0.71269295  5.06178286  1.29181815 -1.70243899 -1.75128556  5.46229006]
4.428857715430862,[ 0.70937823  5.06143108  1.29120287 -1.70091051 -1.7461793   5.45937966]
4.448897795591182,[ 0.70599021  5.06108817  1.29057426 -1.69931739 -1.7408022   5.45631541]
4.468937875751503,[ 0.70258859  5.06075638  1.28995591 -1.69772684 -1.73538814  5.45321502]
4.488977955911824,[ 0.69888648  5.06041973  1.28925869 -1.69585548 -1.72881724  5.4494708 ]
4.509018036072144,[ 0.69539322  5.06009977  1.28865811 -1.69423362 -1.72307859  5.44615226]
4.529058116232465,[ 0.69232835  5.05981978  1.28819121 -1.69303108 -1.71902206  5.4437343 ]
4.5490981963927855,[ 0.68916987  5.05955193  1.28769587 -1.69172973 -1.71461201  5.44111389]
4.569138276553106,[ 0.68561937  5.05927434  1.2870996  -1.690057   -1.70869012  5.43767034]
4.589178356713426,[ 0.68194617  5.05899822  1.28649532 -1.68830309 -1.70230619  5.43393229]
4.609218436873747,[ 0.67874903  5.05875613  1.28604218 -1.68702982 -1.69778172  5.43119972]
4.629258517034068,[ 0.67532946  5.0585131   1.28554383 -1.68555964 -1.69240564  5.42798443]
4.649298597194389,[ 0.6716807   5.05822717  1.28508336 -1.68402411 -1.68615801  5.42423559]
4.669338677354709,[ 0.66835632  5.05777162  1.28508925 -1.68340484 -1.6811965   5.42114216]
4.68937875751503,[ 0.66494415  5.05784971  1.28409849 -1.68109853 -1.67585051  5.41802816]
4.709418837675351,[ 0.66147428  5.05766981  1.28361077 -1.67957877 -1.67031787  5.41467172]
4.729458917835671,[ 0.65806153  5.05749303  1.28317195 -1.67815986 -1.66501521  5.4114218 ]
4.749498997995992,[ 0.65463057  5.05732482  1.28274718 -1.67674382 -1.65965019  5.40811942]
4.7695390781563125,[ 0.6510527   5.05716029  1.28230758 -1.67521004 -1.65372696  5.40448188]
4.789579158316633,[ 0.6478844   5.05700678  1.28200463 -1.67412212 -1.64938838  5.40171938]
4.809619238476953,[ 0.64413775  5.05681736  1.28163462 -1.67257471 -1.64283438  5.39769508]
4.829659318637274,[ 0.6401486   5.0567417   1.28103128 -1.67050003 -1.63534262  5.39311897]
4.849699398797595,[ 0.63611807  5.05661113  1.28056564 -1.66860285 -1.62770735  5.3884082 ]
4.869739478957916,[ 0.63206977  5.0564906   1.28012414 -1.66671341 -1.62001128  5.38362973]
4.889779559118236,[ 0.62800852  5.0563814   1.27970601 -1.6648325  -1.61227202  5.37879369]
4.909819639278557,[ 0.62394968  5.05627945  1.27932222 -1.66298494 -1.60454846  5.37393403]
4.929859719438878,[ 0.61989235  5.056201    1.27894342 -1.66112892 -1.59683297  5.36904943]
4.949899799599198,[ 0.61592515  5.05613317  1.2786098  -1.65938001 -1.58946672  5.36434113]
4.969939879759519,[ 0.6119162   5.05607644  1.27829287 -1.65760941 -1.58194332  5.35950645]
4.98997995991984,[ 0.60784518  5.05602905  1.27799381 -1.65580443 -1.57418431  5.35449937]
5.01002004008016,[ 0.60367422  5.05598984  1.27771082 -1.65393468 -1.56604452  5.3492207 ]
5.03006012024048,[ 0.59981751  5.05597433  1.27748164 -1.65234246 -1.55910448  5.34465208]
5.050100200400801,[ 0.59564205  5.05595993  1.27724743 -1.65049857 -1.55094658  5.33929948]
5.070140280561122,[ 0.59179263  5.05596887  1.27706255 -1.64894    -1.54403091  5.33468839]
5.090180360721443,[ 0.58762414  5.05597907  1.27687923 -1.64713285 -1.53589494  5.32928167]
5.110220440881763,[ 0.58368531  5.05600794  1.27673626 -1.6455334  -1.52863112  5.32438912]
5.130260521042084,[ 0.57963431  5.05604598  1.27660935 -1.64385252 -1.52093485  5.31919301]
5.150300601202405,[ 0.57557146  5.05609606  1.27650593 -1.64217468 -1.51318786  5.31393083]
5.170340681362725,[ 0.57172307  5.05616514  1.27643083 -1.64068114 -1.50625247  5.3091592 ]
5.190380761523046,[ 0.56765421  5.05623895  1.276375   -1.63902509 -1.49846875  5.30380764]
5.210420841683367,[ 0.5634898   5.05632086  1.27634661 -1.63731119 -1.49031192  5.29817473]
5.2304609218436875,[ 0.55949187  5.05640095  1.27637921 -1.63580391 -1.4827822   5.29290182]
5.2505010020040075,[ 0.55568602  5.05653851  1.27635482 -1.63432413 -1.47597403  5.2881221 ]
5.270541082164328,[ 0.5516628   5.05666156  1.27639588 -1.63275369 -1.46832599  5.28272742]
5.290581162324649,[ 0.54766216  5.05679577  1.27646341 -1.63121812 -1.4607522   5.27734636]
5.31062124248497,[ 0.54390509  5.05694673  1.27654658 -1.62988863 -1.45409683  5.27254404]
5.33066132264529,[ 0.5399885   5.0570581   1.27674246 -1.62857242 -1.44682635  5.26731575]
5.350701402805611,[ 0.5360581   5.05727688  1.27678914 -1.62698933 -1.43947446  5.2619997 ]
5.370741482965932,[ 0.53214259  5.05746335  1.27693893 -1.62555597 -1.43217025  5.25667192]
5.390781563126252,[ 0.52822456  5.05765715  1.27711993 -1.62414338 -1.42484103  5.25129478]
5.410821643286573,[ 0.52450956  5.05786819  1.2773033  -1.62289127 -1.41827402  5.24641529]
5.430861723446894,[ 0.52057004  5.05807817  1.27754257 -1.62149559 -1.41083071  5.24088705]
5.4509018036072145,[ 0.5169055   5.0583164   1.2777574  -1.62029661 -1.40442127  5.23606536]
5.4709418837675345,[ 0.51310745  5.05855879  1.27801526 -1.61901612 -1.39748183  5.23083639]
5.490981963927855,[ 0.50931132  5.05881112  1.27829743 -1.61774986 -1.3905308   5.22556656]
5.511022044088176,[ 0.50529724  5.05906693  1.27863927 -1.61634327 -1.38271937  5.21964556]
5.531062124248497,[ 0.50143297  5.05933769  1.27898435 -1.61505687 -1.37546284  5.21408881]
5.551102204408817,[ 0.49779166  5.05962566  1.27931482 -1.61393993 -1.3690447   5.2091033 ]
5.571142284569138,[ 0.49414685  5.05992459  1.27966593 -1.6128282  -1.36259171  5.20406942]
5.591182364729459,[ 0.49051358  5.06023426  1.28003644 -1.61173533 -1.35616095  5.19902431]
5.611222444889779,[ 0.48659794  5.06054394  1.28049212 -1.61046741 -1.34861194  5.19312281]
5.6312625250501,[ 0.48298911  5.06087466  1.28090448 -1.60941565 -1.34222761  5.18805204]
5.651302605210421,[ 0.47930133  5.06121133  1.28136114 -1.60833021 -1.33551113  5.18270169]
5.671342685370742,[ 0.47572123  5.06156269  1.28181276 -1.6073228  -1.32918819  5.17762086]
5.691382765531062,[ 0.47213696  5.06192409  1.28228724 -1.60632308 -1.32282324  5.17248026]
5.7114228456913825,[ 0.46856072  5.06229554  1.28278248 -1.60534077 -1.31646299  5.16731521]
5.731462925851703,[ 0.46479549  5.06266886  1.28335653 -1.60425488 -1.30933569  5.1615331 ]
5.751503006012024,[ 0.46121714  5.06305904  1.28390188 -1.60329882 -1.30291026  5.15625763]
5.771543086172344,[ 0.45789383  5.06346015  1.28441008 -1.60254939 -1.29745442  5.15167861]
5.791583166332665,[ 0.45409681  5.06386939  1.28505271 -1.60144644 -1.2901143   5.14567531]
5.811623246492986,[ 0.45063234  5.06429267  1.28563258 -1.60059805 -1.28404742  5.14059886]
5.831663326653306,[ 0.44716217  5.06472413  1.28623898 -1.59976227 -1.27792785  5.1354538 ]
5.851703406813627,[ 0.44368692  5.06516405  1.28687155 -1.59893829 -1.27175716  5.13024109]
5.871743486973948,[ 0.44032642  5.06561308  1.28749526 -1.59821097 -1.2660089   5.12533206]
5.891783567134269,[ 0.43698226  5.06602912  1.28820698 -1.59761046 -1.26030662  5.12048892]
5.911823647294589,[ 0.43351603  5.06655057  1.28881225 -1.5966858  -1.25406411  5.11511677]
5.9318637274549095,[ 0.43015045  5.06703199  1.28949569 -1.59597759 -1.2481988   5.11004846]
5.95190380761523,[ 0.42678537  5.06752086  1.29020472 -1.59528739 -1.24230207  5.10493005]
5.971943887775551,[ 0.42342736  5.06801774  1.2909364  -1.59461821 -1.23639943  5.09978184]
5.991983967935871,[ 0.41965668  5.06811612  1.29252977 -1.59469954 -1.22891873  5.09336185]
6.012024048096192,[ 0.41688268  5.06904071  1.29240388 -1.59342346 -1.22517833  5.08989014]
6.032064128256513,[ 0.41356241  5.06957122  1.29317998 -1.59280382 -1.21931898  5.08470405]
6.052104208416833,[ 0.41025035  5.07010439  1.29398735 -1.59221918 -1.21345742  5.07949218]
6.072144288577154,[ 0.40695982  5.07064589  1.29481124 -1.59166438 -1.20764529  5.07429834]
6.092184368737475,[ 0.40393793  5.0712125   1.29552199 -1.59124506 -1.20288461  5.06996674]
6.112224448897796,[ 0.40067583  5.07177115  1.29638048 -1.59073706 -1.1971134   5.06476446]
6.132264529058116,[ 0.39725756  5.07232588  1.29735186 -1.59018579 -1.19066626  5.05896024]
6.152304609218437,[ 0.39427371  5.07291861  1.29811049 -1.58982927 -1.18595072  5.05461086]
6.1723446893787575,[ 0.39105097  5.07350175  1.29902677 -1.58939495 -1.18022125  5.04937622]
6.192384769539078,[ 0.38817368  5.07411801  1.29976755 -1.58910887 -1.17586877  5.04530562]
6.212424849699398,[ 0.38506312  5.07472427  1.30066721 -1.58875203 -1.17052139  5.04036215]
6.232464929859719,[ 0.38196682  5.07533873  1.30158373 -1.58841928 -1.16519234  5.0354153 ]
6.25250501002004,[ 0.37864325  5.07594143  1.30266923 -1.58803194 -1.15888205  5.02959386]
6.27254509018036,[ 0.37565596  5.0765802   1.30356683 -1.58776697 -1.153921    5.02493674]
6.292585170340681,[ 0.37260596  5.07721872  1.3045341  -1.58751122 -1.14865752  5.01998907]
6.312625250501002,[ 0.3696499   5.07787226  1.30546458 -1.58730273 -1.14374325  5.01533178]
6.332665330661323,[ 0.36670775  5.07853395  1.30640997 -1.58711686 -1.13884584  5.01067395]
6.352705410821643,[ 0.36377955  5.07920372  1.30737026 -1.5869538  -1.13396507  5.00601575]
6.372745490981964,[ 0.36086531  5.0798815   1.30834544 -1.58681372 -1.12910072  5.00135733]
6.3927855711422845,[ 0.35796506  5.08056724  1.30933551 -1.58669679 -1.12425258  4.99669884]
6.4128256513026045,[ 0.35507882  5.08126086  1.31034047 -1.58660319 -1.11942041  4.99204043]
6.432865731462925,[ 0.35220661  5.08196231  1.31136031 -1.58653309 -1.11460402  4.98738231]
6.452905811623246,[ 0.34934846  5.08267152  1.31239504 -1.58648668 -1.10980314  4.98272459]
6.472945891783567,[ 0.34650436  5.08338844  1.31344465 -1.58646412 -1.10501755  4.97806746]
6.492985971943887,[ 0.34404297  5.08415166  1.31421891 -1.58652697 -1.10182075  4.97483431]
6.513026052104208,[ 0.34122325  5.08488425  1.31529599 -1.58654599 -1.09705333  4.97017247]
6.533066132264529,[ 0.33820642  5.08560222  1.31655836 -1.58655786 -1.09139368  4.96469663]
6.55310621242485,[ 0.33555431  5.08636324  1.31755601 -1.58665239 -1.08725228  4.96056763]
6.57314629258517,[ 0.33270578  5.08710918  1.31874072 -1.58674303 -1.0822191   4.95562426]
6.593186372745491,[ 0.33001566  5.08788027  1.31981543 -1.58686604 -1.07782383  4.95125666]
6.613226452905812,[ 0.3274705   5.08867508  1.32078762 -1.58701766 -1.07401242  4.94741859]
6.633266533066132,[ 0.32480624  5.08946138  1.32188829 -1.58718363 -1.06963887  4.94305375]
6.6533066132264524,[ 0.32215038  5.09025467  1.32300653 -1.58737119 -1.06525541  4.93867093]
6.673346693386773,[ 0.31965514  5.09107541  1.32400028 -1.58757594 -1.06152909  4.93489207]
6.693386773547094,[ 0.31698172  5.09187706  1.32518732 -1.58781364 -1.05697401  4.9303353 ]
6.713426853707414,[ 0.31443358  5.09270222  1.32627932 -1.58806296 -1.05292328  4.92624007]
6.733466933867735,[ 0.31188894  5.09353369  1.32739223 -1.58833277 -1.04884136  4.92210848]
6.753507014028056,[ 0.30920336  5.09434965  1.32867159 -1.58864321 -1.04408621  4.91733777]
6.773547094188377,[ 0.30665318  5.09518374  1.32985745 -1.58899242 -1.03988034  4.91306884]
6.793587174348697,[ 0.30423591  5.09603666  1.33094204 -1.58935358 -1.0362252   4.90931898]
6.813627254509018,[ 0.30171272  5.09691472  1.33209657 -1.58964079 -1.03204295  4.90508119]
6.833667334669339,[ 0.29925399  5.0977874   1.33324744 -1.59001003 -1.02810219  4.90105514]
6.853707414829659,[ 0.29666691  5.09864346  1.33456438 -1.59043725 -1.02353339  4.89642964]
6.8737474949899795,[ 0.29421968  5.09952687  1.33575846 -1.59085871 -1.01954432  4.89234751]
6.8937875751503,[ 0.29193066  5.10043842  1.33681096 -1.5912788  -1.01622101  4.88889013]
6.913827655310621,[ 0.28931687  5.10129858  1.33825311 -1.59181678 -1.01137469  4.88398668]
6.933867735470941,[ 0.28700696  5.10218894  1.33942476 -1.59236139 -1.00787015  4.8803675 ]
6.953907815631262,[ 0.2845785   5.10313076  1.34064186 -1.59276997 -1.00375586  4.87614604]
6.973947895791583,[ 0.28235298  5.1040815   1.34170477 -1.59322858 -1.00052948  4.87277548]
6.993987975951904,[ 0.27993177  5.10499929  1.34302808 -1.59379463 -0.99635315  4.86849732]
7.014028056112224,[ 0.27770455  5.1059569   1.34414708 -1.59430884 -0.99302098  4.86502273]
7.034068136272545,[ 0.27527482  5.10688066  1.34553893 -1.59493859 -0.98869981  4.86060131]
7.054108216432866,[ 0.27290442  5.10781671  1.34689353 -1.59558337 -0.98459936  4.85639017]
7.074148296593186,[ 0.27058791  5.1087286   1.34826991 -1.59631992 -0.98071871  4.85242499]
7.0941883767535066,[ 0.26838729  5.10974385  1.34940714 -1.59684438 -0.97728589  4.84882215]
7.114228456913827,[ 0.26624293  5.11075377  1.35052794 -1.59740071 -0.97408307  4.84546161]
7.134268537074148,[ 0.26410744  5.11176024  1.35167939 -1.59800796 -0.97087365  4.84210134]
7.154308617234468,[ 0.26178281  5.11273072  1.35310823 -1.59875882 -0.96671853  4.83783561]
7.174348697394789,[ 0.2596456   5.11374377  1.35431751 -1.59942479 -0.96339702  4.83436946]
7.19438877755511,[ 0.25748165  5.11475307  1.35559392 -1.60014547 -0.95989516  4.83073142]
7.214428857715431,[ 0.25529107  5.11576123  1.35693162 -1.60090425 -0.95621504  4.82692618]
7.234468937875751,[ 0.25313151  5.11674735  1.35830787 -1.60175755 -0.95264399  4.82325216]
7.254509018036072,[ 0.25100311  5.11782007  1.35954221 -1.60240352 -0.94913789  4.81958839]
7.274549098196393,[ 0.24888429  5.11886237  1.36085263 -1.60317935 -0.94563576  4.8159547 ]
7.294589178356713,[ 0.24670058  5.11989216  1.36228675 -1.60403957 -0.9417654   4.81197227]
7.314629258517034,[ 0.24478004  5.1209822   1.3633757  -1.60473167 -0.93911614  4.8091638 ]
7.3346693386773545,[ 0.24262311  5.12202182  1.3648351  -1.60564606 -0.93526408  4.80520878]
7.354709418837675,[ 0.24065561  5.12310644  1.36604818 -1.60643596 -0.93228197  4.80209451]
7.374749498997995,[ 0.23850069  5.124112    1.36763174 -1.60753102 -0.92834426  4.79812616]
7.394789579158316,[ 0.23650325  5.1250771   1.36913817 -1.608734   -0.92516512  4.79501627]
7.414829659318637,[ 0.23450031  5.12633918  1.37019975 -1.60914426 -0.92176496  4.79125031]
7.434869739478958,[ 0.23254541  5.12745591  1.37147894 -1.60999579 -0.91861902  4.78797458]
7.454909819639278,[ 0.23052781  5.12855436  1.3728943  -1.61095869 -0.91510845  4.78436309]
7.474949899799599,[ 0.22861958  5.12968218  1.37416769 -1.61184193 -0.912087    4.78122293]
7.49498997995992,[ 0.22668114  5.13080571  1.37551712 -1.61278834 -0.90885847  4.77789275]
7.51503006012024,[ 0.22475399  5.13193525  1.37687703 -1.61375404 -0.90562978  4.77456792]
7.535070140280561,[ 0.22283338  5.13306759  1.37825814 -1.61474863 -0.90237818  4.77122707]
7.5551102204408815,[ 0.22075216  5.13415969  1.37993673 -1.61596994 -0.89825598  4.76706666]
7.575150300601202,[ 0.2190278   5.135358    1.38103789 -1.61677802 -0.89587726  4.76456209]
7.595190380761522,[ 0.21694565  5.13646166  1.38277266 -1.61806258 -0.89162326  4.76029463]
7.615230460921843,[ 0.21515197  5.13764119  1.38405697 -1.61903449 -0.88878166  4.75736164]
7.635270541082164,[ 0.21320582  5.13878528  1.38562664 -1.62022563 -0.88510041  4.75364613]
7.655310621242485,[ 0.21141056  5.13997256  1.38696752 -1.62125786 -0.88213385  4.75061174]
7.675350701402805,[ 0.20956955  5.14115019  1.3884176  -1.62238569 -0.87887247  4.74730722]
7.695390781563126,[ 0.20779638  5.14234979  1.38977692 -1.62345255 -0.8759029   4.74428336]
7.715430861723447,[ 0.2059778   5.14353946  1.39124679 -1.62461848 -0.8726381   4.74099047]
7.735470941883767,[ 0.20422686  5.14475131  1.39262428 -1.62572028 -0.86966572  4.73797881]
7.755511022044088,[ 0.20243069  5.14595286  1.39411406 -1.62692489 -0.86639687  4.73469801]
7.775551102204409,[ 0.20070163  5.14717654  1.39551058 -1.62806257 -0.86341953  4.73169636]
7.7955911823647295,[ 0.19772068  5.14969831  1.39449439 -1.63053403 -0.86004652  4.72870034]
7.8156312625250495,[ 0.19597652  5.15091269  1.39604184 -1.63178022 -0.85677348  4.72543852]
7.83567134268537,[ 0.19429958  5.15214436  1.39749528 -1.63295381 -0.85379226  4.72245468]
7.855711422845691,[ 0.19263356  5.15338157  1.39895802 -1.63414494 -0.85080857  4.71947685]
7.875751503006012,[ 0.19097845  5.15462426  1.4004301  -1.63535376 -0.84782228  4.71650517]
7.895791583166332,[ 0.18933425  5.15587241  1.40191152 -1.63658039 -0.84483328  4.71353977]
7.915831663326653,[ 0.18770094  5.15712596  1.40340234 -1.63782501 -0.8418414   4.71058072]
7.935871743486974,[ 0.18607854  5.15838487  1.40490255 -1.63908775 -0.83884656  4.70762822]
7.955911823647294,[ 0.18446704  5.15964911  1.40641219 -1.64036877 -0.83584863  4.70468243]
7.975951903807615,[ 0.18286643  5.16091863  1.40793127 -1.64166821 -0.8328475   4.7017435 ]
7.995991983967936,[ 0.18127673  5.1621934   1.40945981 -1.64298625 -0.82984305  4.69881159]
8.016032064128256,[ 0.17969792  5.16347338  1.41099786 -1.64432304 -0.82683515  4.69588685]
8.036072144288577,[ 0.17818401  5.16477074  1.41243446 -1.6455684  -0.82412014  4.69323434]
8.056112224448897,[ 0.1766268   5.16606104  1.41399091 -1.64694143 -0.82110524  4.69032374]
8.076152304609218,[ 0.17508047  5.16735642  1.41555694 -1.64833372 -0.81808653  4.68742077]
8.09619238476954,[ 0.17359852  5.16866916  1.41701967 -1.64962981 -0.81536118  4.6847885 ]
8.11623246492986,[ 0.17207377  5.16997462  1.41860426 -1.65105934 -0.81233479  4.68190062]
8.13627254509018,[ 0.17061307  5.17129742  1.42008432 -1.65238948 -0.80960211  4.67928236]
8.1563126252505,[ 0.16921595  5.17263757  1.42145805 -1.65361529 -0.80716393  4.6769318 ]
8.176352705410821,[ 0.16782909  5.17398268  1.42283904 -1.65485437 -0.80472258  4.67458692]
8.196392785571142,[ 0.16645248  5.17533271  1.42422728 -1.65610683 -0.802278    4.67224783]
8.216432865731463,[ 0.16508614  5.1766876   1.4256228  -1.65737278 -0.79983012  4.66991464]
8.236472945891784,[ 0.16367757  5.17803491  1.42714252 -1.65877938 -0.79707956  4.66732926]
8.256513026052104,[ 0.16227955  5.17938698  1.42867073 -1.66020309 -0.79432491  4.66475144]
8.276553106212425,[ 0.16089208  5.18074377  1.43020744 -1.6616441  -0.7915661   4.66218136]
8.296593186372744,[ 0.15951517  5.18210523  1.43175269 -1.66310256 -0.78880301  4.65961917]
8.316633266533065,[ 0.1581488   5.18347134  1.4333065  -1.66457866 -0.78603557  4.65706505]
8.336673346693386,[ 0.15679298  5.18484204  1.43486888 -1.66607258 -0.78326368  4.65451915]
8.356713426853707,[ 0.15544771  5.1862173   1.43643987 -1.6675845  -0.78048725  4.65198169]
8.376753507014028,[ 0.154113    5.18759708  1.43801948 -1.66911458 -0.77770622  4.64945287]
8.396793587174349,[ 0.15278883  5.18898133  1.43960774 -1.67066306 -0.77492047  4.64693283]
8.41683366733467,[ 0.1514752   5.19037003  1.44120471 -1.67223013 -0.77212989  4.64442175]
8.436873747494989,[ 0.15017212  5.19176312  1.44281039 -1.67381599 -0.76933439  4.64191983]
8.45691382765531,[ 0.14882866  5.19314807  1.44454906 -1.67556886 -0.76623014  4.63917853]
8.47695390781563,[ 0.1475468   5.19454983  1.44617298 -1.67719497 -0.76342406  4.63669649]
8.496993987975952,[ 0.14622484  5.19594338  1.44793141 -1.67899282 -0.76030805  4.63397755]
8.517034068136272,[ 0.14496418  5.19735367  1.44957371 -1.68066016 -0.75749098  4.63151632]
8.537074148296593,[ 0.14371406  5.19876818  1.45122491 -1.68234746 -0.7546685   4.62906533]
8.557114228456914,[ 0.14272585  5.20024918  1.45224686 -1.6832643  -0.75337103  4.62784375]
8.577154308617233,[ 0.1419986   5.20179592  1.45263511 -1.68339513 -0.75360215  4.62784375]
8.597194388777554,[ 0.14128061  5.20334575  1.45302638 -1.68352539 -0.75383255  4.62784375]
8.617234468937875,[ 0.1405719   5.20489864  1.45342064 -1.68365508 -0.75406222  4.62784375]
8.637274549098196,[ 0.13987247  5.20645451  1.45381788 -1.68378418 -0.75429116  4.62784375]
8.657314629258517,[ 0.13918234  5.20801332  1.45421807 -1.6839127  -0.75451934  4.62784375]
8.677354709418838,[ 0.13850152  5.20957501  1.4546212  -1.68404064 -0.75474678  4.62784375]
8.697394789579159,[ 0.13783002  5.21113952  1.45502725 -1.68416799 -0.75497347  4.62784375]
8.71743486973948,[ 0.13716784  5.2127068   1.45543621 -1.68429476 -0.75519939  4.62784375]
8.737474949899799,[ 0.13651501  5.21427679  1.45584804 -1.68442093 -0.75542454  4.62784375]
8.75751503006012,[ 0.13587152  5.21584944  1.45626274 -1.6845465  -0.75564892  4.62784375]
8.77755511022044,[ 0.13523739  5.21742468  1.45668029 -1.68467148 -0.75587252  4.62784375]
8.797595190380761,[ 0.13461263  5.21900247  1.45710066 -1.68479586 -0.75609534  4.62784375]
8.817635270541082,[ 0.13399724  5.22058275  1.45752384 -1.68491965 -0.75631735  4.62784375]
8.837675350701403,[ 0.13339124  5.22216546  1.4579498  -1.68504282 -0.75653857  4.62784375]
8.857715430861724,[ 0.13279463  5.22375054  1.45837854 -1.6851654  -0.75675899  4.62784375]
8.877755511022043,[ 0.13220742  5.22533794  1.45881003 -1.68528736 -0.75697859  4.62784375]
8.897795591182364,[ 0.13162962  5.2269276   1.45924425 -1.68540871 -0.75719737  4.62784375]
8.917835671342685,[ 0.13106124  5.22851947  1.45968119 -1.68552946 -0.75741533  4.62784375]
8.937875751503006,[ 0.13050228  5.23011349  1.46012082 -1.68564958 -0.75763246  4.62784375]
8.957915831663327,[ 0.12995276  5.23170961  1.46056312 -1.68576909 -0.75784875  4.62784375]
8.977955911823647,[ 0.12941268  5.23330776  1.46100808 -1.68588798 -0.7580642   4.62784375]
8.997995991983968,[ 0.12888205  5.23490789  1.46145568 -1.68600625 -0.7582788   4.62784375]
9.018036072144287,[ 0.12836087  5.23650995  1.46190589 -1.68612389 -0.75849255  4.62784375]
9.038076152304608,[ 0.12784916  5.23811388  1.46235871 -1.68624091 -0.75870543  4.62784375]
9.05811623246493,[ 0.12734691  5.23971962  1.4628141  -1.6863573  -0.75891744  4.62784375]
9.07815631262525,[ 0.12685415  5.24132711  1.46327205 -1.68647306 -0.75912859  4.62784375]
9.098196392785571,[ 0.12637086  5.24293631  1.46373255 -1.68658819 -0.75933885  4.62784375]
9.118236472945892,[ 0.12589707  5.24454715  1.46419556 -1.68670268 -0.75954822  4.62784375]
9.138276553106213,[ 0.12543277  5.24615957  1.46466108 -1.68681653 -0.7597567   4.62784375]
9.158316633266534,[ 0.12497797  5.24777353  1.46512908 -1.68692975 -0.75996428  4.62784375]
9.178356713426853,[ 0.12453269  5.24938896  1.46559954 -1.68704232 -0.76017096  4.62784375]
9.198396793587174,[ 0.12409691  5.25100581  1.46607244 -1.68715425 -0.76037673  4.62784375]
9.218436873747494,[ 0.12367066  5.25262402  1.46654777 -1.68726553 -0.76058157  4.62784375]
9.238476953907815,[ 0.12325393  5.25424354  1.4670255  -1.68737616 -0.7607855   4.62784375]
9.258517034068136,[ 0.12284673  5.2558643   1.46750562 -1.68748615 -0.76098849  4.62784375]
9.278557114228457,[ 0.12244907  5.25748626  1.4679881  -1.68759548 -0.76119055  4.62784375]
9.298597194388778,[ 0.12206094  5.25910935  1.46847293 -1.68770415 -0.76139166  4.62784375]
9.318637274549097,[ 0.12168237  5.26073352  1.46896008 -1.68781217 -0.76159183  4.62784375]
9.338677354709418,[ 0.12131334  5.26235872  1.46944954 -1.68791953 -0.76179104  4.62784375]
9.358717434869739,[ 0.12131239  5.26697701  1.46855658 -1.68912298 -0.76159538  4.62784375]
9.37875751503006,[ 0.12096239  5.26870173  1.46897722 -1.68927586 -0.76177502  4.62784375]
9.39879759519038,[ 0.12062219  5.27042769  1.46939964 -1.68942833 -0.76195355  4.62784375]
9.418837675350701,[ 0.12029181  5.27215482  1.46982383 -1.68958039 -0.76213097  4.62784375]
9.438877755511022,[ 0.11997124  5.27388308  1.47024977 -1.68973202 -0.76230728  4.62784375]
9.458917835671341,[ 0.11966048  5.2756124   1.47067744 -1.68988324 -0.76248247  4.62784375]
9.478957915831662,[ 0.11935954  5.27734272  1.47110682 -1.69003402 -0.76265653  4.62784375]
9.498997995991983,[ 0.11906842  5.27907398  1.4715379  -1.69018437 -0.76282946  4.62784375]
9.519038076152304,[ 0.11878713  5.28080612  1.47197065 -1.69033429 -0.76300125  4.62784375]
9.539078156312625,[ 0.11851566  5.28253908  1.47240507 -1.69048376 -0.76317189  4.62784375]
9.559118236472946,[ 0.11825402  5.2842728   1.47284114 -1.6906328  -0.76334139  4.62784375]
9.579158316633267,[ 0.11800221  5.28600723  1.47327883 -1.69078138 -0.76350974  4.62784375]
9.599198396793588,[ 0.11776024  5.28774229  1.47371813 -1.69092952 -0.76367692  4.62784375]
9.619238476953907,[ 0.1175281   5.28947794  1.47415902 -1.6910772  -0.76384294  4.62784375]
9.639278557114228,[ 0.1173058   5.29121411  1.47460149 -1.69122442 -0.76400779  4.62784375]
9.659318637274549,[ 0.11709334  5.29295074  1.47504552 -1.69137118 -0.76417147  4.62784375]
9.67935871743487,[ 0.11689072  5.29468778  1.47549108 -1.69151747 -0.76433396  4.62784375]
9.69939879759519,[ 0.11669795  5.29642516  1.47593817 -1.6916633  -0.76449526  4.62784375]
9.719438877755511,[ 0.11651502  5.29816282  1.47638676 -1.69180865 -0.76465538  4.62784375]
9.739478957915832,[ 0.11634194  5.2999007   1.47683685 -1.69195352 -0.76481429  4.62784375]
9.759519038076151,[ 0.11617871  5.30163875  1.4772884  -1.6920979  -0.764972    4.62784375]
9.779559118236472,[ 0.11650354  5.30644915  1.47501679 -1.69387513 -0.76438235  4.62784375]
9.799599198396793,[ 0.11636945  5.30825477  1.4754043  -1.69405711 -0.76452014  4.62784375]
9.819639278557114,[ 0.11624531  5.31006062  1.47579295 -1.69423874 -0.76465663  4.62784375]
9.839679358717435,[ 0.11613114  5.31186663  1.47618271 -1.69442003 -0.76479183  4.62784375]
9.859719438877756,[ 0.11602692  5.31367273  1.47657357 -1.69460097 -0.76492573  4.62784375]
9.879759519038076,[ 0.11593266  5.31547887  1.47696552 -1.69478154 -0.76505833  4.62784375]
9.899799599198396,[ 0.11584836  5.31728499  1.47735853 -1.69496176 -0.76518962  4.62784375]
9.919839679358716,[ 0.11577402  5.31909102  1.47775261 -1.6951416  -0.76531959  4.62784375]
9.939879759519037,[ 0.11570964  5.32089689  1.47814772 -1.69532107 -0.76544825  4.62784375]
9.959919839679358,[ 0.11565522  5.32270256  1.47854386 -1.69550015 -0.76557559  4.62784375]
9.97995991983968,[ 0.11561076  5.32450795  1.47894102 -1.69567885 -0.7657016   4.62784375]
10.0,[ 0.11557627  5.326313    1.47933916 -1.69585716 -0.76582627  4.62784375]
