2
0.1434772065548133
0.13192969310566774
0.12844673893054098
0.12672470385135567
0.12500349541598002
0.12328321083309322
0.12156395254003499
0.11984582857075993
0.11651271360476663
0.11483959210360739
0.11316771941541298
0.11149722282278775
0.10982823716719638
0.10816090541465079
0.10649537927108473
0.10483181985234
0.10317039841423978
0.10151129714882344
0.099854710053464
0.0982008438803491
0.0965499191746159
0.0949021714103508
0.09325785223468191
0.09161723083131085
0.089980595416081
0.0883482548785444
0.08672054058501392
0.08509780836022589
0.08176802191173516
0.08020961449334205
0.07865673488176182
0.07710981924160944
0.0755693379861905
0.07403579895722488
0.0725097509275294
0.0709917874588659
0.06948255114947925
0.06798273830784721
0.06649310409081645
0.06501446814522675
0.06354772079203377
0.06209382979037945
0.0606538477153652
0.05922891997672654
0.05782029349513817
0.0564293260372027
0.05505749618776263
0.05370641390699019
0.05237783157756822
0.051073655391416166
0.0497959568530692
0.048546984084932444
0.04732917250564873
0.046145154314930055
0.04499776605638165
0.04389005334714645
0.04282527166717767
0.04180688190580703
0.04083853919193485
0.03992407341975739
0.03906745986872234
0.03827277845757838
0.037544160525119094
0.036885722644830685
0.036301487885291576
0.03579529610889354
0.03537070628341116
0.0350308952160486
0.0347785583917654
0.03461581945053725
0.03454415502820097
0.03456434104932918
0.03467642507758468
0.034879727153393096
0.03517286899292571
0.03555382889007858
0.03602001755191148
0.03656836870381221
0.03719543775665056
0.03789750209486149
0.038670657446386744
0.039510906085796584
0.040414234048344835
0.04137667588737947
0.042394366651926564
0.04346358162855918
0.04458076497360481
0.04574254868927408
0.046945763521484635
0.04818230631401865
0.04935721684047391
0.05047792082616039
0.051580255568030496
0.052690034772824176
0.056687475031714056
0.05784169715489653
0.058954280465522084
0.06005986483771013
0.0611279580845698
0.062148638184414066
0.06314656657458145
0.06406682482233021
0.0651523709368599
0.06610363792861208
0.06703667324795096
0.06814986248898909
0.06899326845169976
0.06993841092169921
0.0710351302158378
0.0719880264200559
0.07293131956739014
0.0739190531940035
0.07487093498440267
0.07582123151613025
0.07677057274627938
0.0777188729410961
0.07866598280935519
0.07961202111344513
0.08055715954835246
0.08149023300410882
0.08242733336784529
0.08336328301604647
0.08429537506920612
0.08522028054026189
0.08590450397711652
0.08682498193988135
0.08769109487581757
0.08856016686321871
0.08942051301001934
0.09027374787520454
0.0911115057109768
0.09177547351563246
0.092767536385811
0.09355061149756526
0.09439165811705187
0.09516964047833519
0.09596822045903151
0.09669378395007389
0.09725876785358395
0.09802791157916042
0.09880331907611789
0.0995729618093259
0.10033826208065147
0.10103273303515029
0.10177622077777178
0.10252085904258831
0.10325518961607644
0.1039850340139935
0.1045856385127965
0.10524383307591356
0.10591458945763567
0.10655108264644941
0.1071496770207502
0.10775515844712766
0.10836790653789871
0.10895029747610595
0.10957293733396094
0.11017447924884113
0.11061274923277027
0.11116895316688433
0.11177527411778966
0.11230921601442907
0.11282112411208188
0.1133270453458148
0.1137668323417768
0.11455623447089643
0.11503865254325153
0.11552662147958702
0.11599990478374794
0.11641305623021334
0.11665298019532873
0.11706282943645925
0.11749583424466453
0.11791949371200149
0.11840829574331709
0.11880408071468439
0.11925222360950603
0.11963138667363274
0.12003289861841354
0.12040352901520396
0.12083648460527613
0.12125105021385868
0.12164082070724311
0.12202395799378674
0.12239481505750682
0.12275601647717481
0.12310715878651828
0.12340995013770868
0.12371938643580299
0.12425148969665531
0.12456331643978182
0.12483563577621978
0.12514676800045757
0.12542839861386282
0.125625016073486
0.12603537373456633
0.12630978830381578
0.12659447142570684
0.12686789111946042
0.1271319712283087
0.12735322524284304
0.12756664262166387
0.1278091181219193
0.12803358931037154
0.12825031372065343
0.12849543418887815
0.1287347017117641
0.12896668597258032
0.12921736704285625
0.1294124763918218
0.12960214639298634
0.12978610741045876
0.12996397178670188
0.13013052899537278
0.13031930360657562
0.1305050062811447
0.13068424285948804
0.13085803964303533
0.1310265386673388
0.13118822015659967
0.131325114634681
0.1315125984043043
0.13168099788848023
0.13182996291679358
0.13189540791726756
0.13205108155554382
0.1322879989245845
0.13250280596971367
0.13260046479765553
0.13267668626026408
0.13284799161949684
0.13294874859666317
0.13305491178074103
0.1332491673817018
0.13334373538503
0.13344647169261303
0.13355817728227734
0.13366441815605326
0.1337268912987926
0.13392247468176902
0.13397336847648916
0.13394736921744313
0.13392054942281176
0.13389313460654242
0.13386005142948243
0.13384226768722687
0.13380551703026483
0.1338081141316508
0.13381185110283147
0.133815669727645
0.13372572205304478
0.13381200518096162
0.13371990855354865
0.13381498160838234
0.13374059270715336
0.13378069805798554
0.133793373618286
0.13374058057881974
0.13382406706173877
0.13387024579469609
0.13378894922359652
0.13380208161229667
0.13389945141507373
0.13391594450452812
0.13383647576692095
0.1338604110937626
0.13396398734053394
0.1339768522274056
0.13399627160058467
0.13393024281579516
0.13401642339020475
0.1339195438372717
0.1339593282679829
0.13395508601374048
0.1340553713279795
0.1340058610314277
0.13389326076712754
0.1338565239447139
0.13380943901828046
0.13390420376751244
0.1337453539461529
0.13371617797037832
0.13360994494358744
0.13353716965835535
0.13345406125662082
0.13347004374860633
0.13331670075079802
0.13303801021382877
0.13320225996058538
0.13296169214099737
0.1328284777206481
0.13268976948294892
0.13246332174101902
0.13225988676394942
0.1321964358645594
0.13196499173401777
0.13176535638319195
0.13155428509611955
0.13121781696750304
0.130969436012934
0.13082693036069176
0.13057538473655486
0.13030665461667498
0.12989211456072064
0.12968366338061912
0.12948231947349842
0.1289720275966586
0.1287324620138368
0.1282222958314025
0.12793608225664288
0.12756260375414574
0.1273205791923459
0.12680385602020464
0.12642233140960016
0.12595905894491616
0.12551213178684217
0.12505437674297076
0.12458581422302112
0.12410646952910896
0.12361637354435487
0.1231155484795583
0.12260404608127026
0.12208190485038653
0.12135692316726934
0.12092789834934259
0.12051014855186333
0.11977562353394833
0.11928783182404878
0.11863889252300543
0.11796680293891951
0.1173970328569168
0.11677708928251485
0.11607675219729889
0.11550526464519444
0.11480654082240262
0.11414631407842692
0.11354966253281676
0.11279796758114195
0.11204268663191344
0.11144015779874114
0.11071643676095773
0.11006892322481779
0.10929595095162417
0.10848802106658967
0.1078856589506255
0.10698064614919854
0.10634067091766004
0.10550722285668691
0.10482441335668224
0.10397817457254188
0.10328728862123286
0.1024736636959921
0.10164907357160893
0.10082622806380685
0.10001762518441151
0.09921221540105368
0.09847789658793914
0.09758151314627582
0.09676222409890779
0.09594605829890639
0.09507721096559545
0.09428311955840829
0.09343821477515117
0.0926227495540574
0.09167155457411869
0.0909094620375742
0.08997263516963284
0.0891748130820419
0.08822942940388409
0.0874373879156795
0.08651604851815747
0.0856631972245931
0.08474130994389308
0.08387525962432892
0.0829859639029478
0.08209216108411697
0.08125323864805321
0.08021896109471757
0.07947023890792075
0.07841862155500097
0.07758049939639979
0.07660221536097564
0.07571480496440632
0.07477828429951583
0.07388571277438474
0.07294356154794818
0.07204608536429453
0.07109860015706258
0.07018158828877762
0.0667691726649103
0.06584489549675665
0.06495433338193607
0.06406206899536653
0.06316812393602939
0.0622725285329068
0.06137529048162442
0.06047643542151623
0.05957598560027521
0.058673962677492614
0.057770388499275
0.05685617040693703
0.05598844122276844
0.05508102181385955
0.054163578290969405
0.05329402006763439
0.05237483191680168
0.051493235077163906
0.05065266272596069
0.0498153642828389
0.048981480149545994
0.0481507156000063
0.04728042379978179
0.04641097203557052
0.04554243817535497
0.04467490515650433
0.04380846196190589
0.0429432031194369
0.042079230607237665
0.04121666280123507
0.040355611958321595
0.039496206374200434
0.038638384282723114
0.0377250390797112
0.03686970999089846
0.03595618978840196
0.03510387630041298
0.034352656022579885
0.03414946549270784
0.03413344371534769
0.034218959229041064
0.03440515457926277
0.034690306103929515
0.03507189575399375
0.03554671186419975
0.036110969818541415
0.03676044277343131
0.037490593129249995
0.03829669696034716
0.03917395569114286
0.040117591516671915
0.04112292507939064
0.04218543553146825
0.0433008042587591
0.04446494423865975
0.04567401732358907
0.0469244417812367
0.048212892276515415
0.04953629422816044
0.05089181417547512
0.05227684748902639
0.05368900447836516
0.05512609570319725
0.05658611708676544
0.05806723526095825
0.05956777343865772
0.061086198005210084
0.06262110594270488
0.06417121314303302
0.06573534362427129
0.0673124196360586
0.0689014526202836
0.07050153498124026
0.07211183261242336
0.07373157812392511
0.07536006471382527
0.07699664062816677
0.07864070415649545
0.08228981857862269
0.08401046222067049
0.08573768192455027
0.08747100255187845
0.08920998292053138
0.09095421284901463
0.09270331048507865
0.09445691988974271
0.09621470885079335
0.09797636690246654
0.09974160353041764
0.10151014654328354
0.1032817405940688
0.105056145836368
0.10683313670200731
0.10861250078809184
0.11039403784271545
0.11217755883971631
0.11396288513384464
0.11574984768864582
0.11753828637010981
0.12116618063860221
0.12300368603133367
0.124842498270642
0.12668248153764278
0.12852350639413002
0.13036544934199895
0.13220819241781226
0.13405162281937283
0.13589563256148277
0.13774011815835233
0.1395849803303358
