[0.43180194846605363, 0.8560660171779821, 0.15],[-0.8253400619428922, -0.15145272326384326, -0.4765103069357112, 0.2623238116376454]
[0.43180615257034316, 0.8560618130736926, 0.15188872058107075],[-0.8269764134913049, -0.14957264541002227, -0.4754531993781085, 0.2601582027828966]
[0.4318187647165751, 0.8560492009274606, 0.15377736629953698],[-0.8285965382952704, -0.1477141122360516, -0.4743831443300901, 0.2580095931296095]
[0.43183978440484583, 0.8560281812391899, 0.1556658622957615],[-0.8302007321132286, -0.14587676723754953, -0.4733005007731613, 0.25587760579397234]
[0.4318692108020049, 0.8559987548420308, 0.15755413371604154],[-0.8317892814884804, -0.14406026184788048, -0.47220561606013406, 0.2537618732561434]
[0.4319070427416877, 0.8559609229023482, 0.15944210571557588],[-0.8333624640919666, -0.14226425527068, -0.47109882634788264, 0.25166203712219315]
[0.43195327872436184, 0.8559146869196739, 0.16132970346143127],[-0.8349205490511025, -0.14048841431320877, -0.46998045701282537, 0.24957774789027473]
[0.4320079169173867, 0.855860048726649, 0.16321685213550863],[-0.8364637972652292, -0.1387324132208519, -0.4688508230498229, 0.2475086647211688]
[0.43207095515508614, 0.8557970104889496, 0.16510347693750863],[-0.8379924617082369, -0.1369959335130396, -0.46771022945515583, 0.24545445521331535]
[0.4321423909388339, 0.8557255747052019, 0.16698950308789642],[-0.8395067877188851, -0.13527866382083495, -0.4665589715942317, 0.2434147951824236]
[0.43222222143715294, 0.8556457442068828, 0.16887485583086584],[-0.8410070132793355, -0.13358029972639765, -0.46539733555463264, 0.24138936844572545]
[0.4323104434858277, 0.8555575221582081, 0.17075946043730222],[-0.842493369282383, -0.13190054360451112, -0.46422559848510914, 0.2393778666109189]
[0.43240705358802956, 0.8554609120560062, 0.17264324220774463],[-0.8439660797878636, -0.130239104466325, -0.4630440289210934, 0.23737998886982128]
[0.43251204791445524, 0.8553559177295805, 0.17452612647534654],[-0.8454253622686894, -0.12859569780545416, -0.46185288709728184, 0.23539544179675395]
[0.4326254223034787, 0.855242543340557, 0.17640803860883553],[-0.8468714278469474, -0.1269700454465439, -0.4606524252478265, 0.23342393915164517]
[0.43274717226131615, 0.8551207933827196, 0.17828890401547132],[-0.8483044815204859, -0.1253618753963954, -0.4594428878946412, 0.23146520168783602]
[0.4328772929622039, 0.8549906726818318, 0.18016864814400235],[-0.8497247223803857, -0.1237709216977314, -0.4582245121243186, 0.2295189569645628]
[0.43301577924859014, 0.8548521863954456, 0.1820471964876209],[-0.8511323438197048, -0.12219692428566271, -0.45699752785412634, 0.22758493916407743]
[0.4331626256313388, 0.8547053400126969, 0.18392447458691608],[-0.8525275337338665, -0.12063962884690319, -0.4557621580875399, 0.22566288891335487]
[0.4333178262899474, 0.8545501393540883, 0.1858004080328253],[-0.8539104747130439, -0.11909878668177093, -0.4545186191597419, 0.22375255311034004]
[0.43348137507277795, 0.8543865905712578, 0.1876749224695836],[-0.8552813442268853, -0.11757415456899788, -0.45326712097351046, 0.2218536847546657]
[0.43365326549730043, 0.8542147001467353, 0.18954794359767077],[-0.8566403148018991, -0.11606549463336559, -0.45200786722589087, 0.21996604278278215]
[0.4338334907503498, 0.8540344748936859, 0.19141939717675643],[-0.8579875541918167, -0.11457257421616994, -0.45074105562603844, 0.2180893919074217]
[0.43402204368839636, 0.8538459219556394, 0.19328920902864263],[-0.8593232255412281, -0.11309516574851519, -0.44946687810459673, 0.2162235024613262]
[0.4342189168378283, 0.8536490488062074, 0.19515730504020398],[-0.8606474875427756, -0.11163304662742748, -0.44818552101496434, 0.21436815024515954]
[0.43442410239524876, 0.8534438632487871, 0.19702361116632536],[-0.8619604945881837, -0.11018599909477171, -0.446897165326787, 0.21252311637952054]
[0.43463759222778414, 0.8532303734162516, 0.19888805343283672],[-0.8632623969133779, -0.10875381011895385, -0.4456019868119984, 0.21068818716097912]
[0.43485937787340745, 0.8530085877706283, 0.20075055793944518],[-0.8645533407379535, -0.10733627127937989, -0.44430015622371694, 0.20886315392204569]
[0.435089450541273, 0.8527785151027627, 0.20261105086266432],[-0.8658334683992239, -0.10593317865364503, -0.4429918394682972, 0.2070478128949915]
[0.4353278011120652, 0.8525401645319706, 0.20446945845874007],[-0.8671029184810846, -0.10454433270741673, -0.44167719777081604, 0.2052419650794305]
[0.4355744201383598, 0.8522935455056759, 0.20632570706657388],[-0.8683618259379058, -0.10316953818697859, -0.4403563878342685, 0.20344541611357878]
[0.43582929784499846, 0.8520386677990373, 0.20817972311064237],[-0.869610322213669, -0.10180860401439341, -0.4390295619927289, 0.20165797614910214]
[0.43609242412947635, 0.8517755415145594, 0.21003143310391337],[-0.870848535356542, -0.10046134318524538, -0.43769686835872934, 0.19987945972946564]
[0.43636378856234237, 0.8515041770816933, 0.21188076365075906],[-0.8720765901290876, -0.09912757266891759, -0.43635845096508985, 0.198109685671698]
[0.43664338038761247, 0.8512245852564233, 0.21372764144986495],[-0.8732946081142866, -0.09780711331136074, -0.43501444990143145, 0.19634847695148563]
[0.43693118852319635, 0.8509367771208394, 0.21557199329713528],[-0.8745027078175516, -0.0964997897403062, -0.4336650014455863, 0.19459566059151037]
[0.4372272015613363, 0.8506407640826994, 0.21741374608859462],[-0.8757010047648973, -0.09520543027287634, -0.43231023819011627, 0.19285106755294576]
[0.43753140776905974, 0.850336557874976, 0.21925282682328548],[-0.8768896115974284, -0.09392386682554478, -0.4309502891641372, 0.19111453263003045]
[0.43784379508864385, 0.8500241705553919, 0.22108916260616182],[-0.8780686381622974, -0.09265493482639754, -0.4295852799506413, 0.1893858943476349]
[0.43816435113809393, 0.8497036145059418, 0.22292268065097837],[-0.8792381916002777, -0.09139847312964566, -0.428215332799499, 0.18766499486173993]
[0.43849306321163395, 0.8493749024324018, 0.22475330828317563],[-0.8803983764300931, -0.0901543239323423, -0.42684056673631565, 0.18595167986275163]
[0.43882991828021, 0.8490380473638257, 0.22658097294276042],[-0.8815492946296348, -0.0889223326932521, -0.42546109766731105, 0.184245798481568]
[0.43917490299200723, 0.8486930626520285, 0.22840560218718198],[-0.882691045714198, -0.08770234805382637, -0.4240770384803806, 0.1825472031983265]
[0.43952800367297856, 0.8483399619710572, 0.23022712369420328],[-0.8838237268118537, -0.08649422176123318, -0.4226884991424915, 0.1808557497537534]
[0.43988920632738693, 0.8479787593166488, 0.23204546526476771],[-0.8849474327360797, -0.08529780859339658, -0.4212955867935621, 0.17917129706304652]
[0.44025849663836003, 0.8476094690056757, 0.2338605548258607],[-0.8860622560557546, -0.0841129662859927, -0.41989840583696264, 0.17749370713221146]
[0.44063585996845767, 0.847232105675578, 0.2356723204333666],[-0.8871682871626306, -0.08293955546135871, -0.4184970580267732, 0.17582284497678896]
[0.441021281360252, 0.8468466842837838, 0.23748069027492025],[-0.8882656143363773, -0.08177743955926617, -0.41709164255192777, 0.17415857854290107]
[0.44141474553692045, 0.8464532201071153, 0.2392855926727532],[-0.8893543238073022, -0.08062648476951051, -0.41568225611736587, 0.17250077863054628]
[0.4418162369028512, 0.8460517287411845, 0.24108695608653513],[-0.8904344998168374, -0.07948655996627539, -0.4142689930223115, 0.1708493188190881]
[0.44222573954426136, 0.8456422260997744, 0.24288470911620919],[-0.8915062246758818, -0.07835753664422034, -0.41285194523579105, 0.16920407539485888]
[0.4426432372298277, 0.8452247284142081, 0.2446787805048221],[-0.8925695788210865, -0.07723928885625302, -0.41143120246950027, 0.16756492728082936]
[0.4430687134113298, 0.8447992522327059, 0.2464690991413488],[-0.8936246408691619, -0.07613169315293958, -0.4100068522481202, 0.16593175596827794]
[0.4435021512243066, 0.8443658144197292, 0.24825559406351055],[-0.8946714876692884, -0.07503462852351081, -0.40857897997718523, 0.1643044454504008]
[0.44394353348872406, 0.8439244321553117, 0.2500381944605882],[-0.8957101943537027, -0.07394797633842147, -0.407147669008597, 0.16268288215780483]
[0.4443928427096568, 0.843475122934379, 0.2518168296762285],[-0.8967408343865322, -0.0728716202934241, -0.40571300070387273, 0.16106695489583286]
[0.444850061077981, 0.8430179045660549, 0.2535914292112448],[-0.8977634796109476, -0.07180544635511331, -0.40427505449521933, 0.1594565547836592]
[0.44531517047108055, 0.8425527951729552, 0.25536192272641134],[-0.8987782002946965, -0.07074934270790392, -0.4028339079445141, 0.15785157519510776]
[0.4457881524535656, 0.8420798131904701, 0.2571282400452516],[-0.8997850651740842, -0.06970319970240366, -0.40138963680027256, 0.15625191170114158]
[0.44626898827800277, 0.8415989773660331, 0.2588903111568194],[-0.9007841414964584, -0.06866690980514283, -0.39994231505268063, 0.15465746201397285]
[0.44675765888565855, 0.8411103067583772, 0.26064806621847403],[-0.9017754950612585, -0.0676403675496225, -0.3984920149867652, 0.15306812593274205]
[0.44725414490725485, 0.8406138207367809, 0.2624014355586488],[-0.9027591902596839, -0.06662346948864835, -0.3970388072337722, 0.15148380529072622]
[0.4477584266637363, 0.8401095389802995, 0.2641503496796125],[-0.9037352901130311, -0.06561611414791257, -0.3955827608208209, 0.14990440390402468]
[0.4482704841670506, 0.8395974814769851, 0.26589473926022367],[-0.9047038563097566, -0.06461820198079016, -0.39412394321889915, 0.1483298275216797]
[0.4487902971209408, 0.839077668523095, 0.26763453515867897],[-0.9056649492413072, -0.0636296353243178, -0.39266242038926125, 0.1467599837771926]
[0.44931784492174953, 0.8385501207222862, 0.26936966841525317],[-0.9066186280367701, -0.06265031835631953, -0.3911982568282891, 0.14519478214138565]
[0.44985310665923595, 0.8380148589847998, 0.2711000702550326],[-0.9075649505963823, -0.06168015705365157, -0.38973151561087255, 0.14363413387657972]
[0.4503960611174043, 0.8374719045266314, 0.27282567209064135],[-0.9085039736239465, -0.06071905915153149, -0.38826225843236467, 0.14207795199203813]
[0.45094668677534505, 0.8369212788686907, 0.2745464055249596],[-0.9094357526581913, -0.05976693410392521, -0.38679054564916465, 0.14052615120064824]
[0.45150496180808763, 0.8363630038359481, 0.2762622023538349],[-0.9103603421031164, -0.0588236930449593, -0.3853164363179788, 0.13897864787679495]
[0.4520708640874659, 0.8357971015565699, 0.2779729945687853],[-0.9112777952573601, -0.05788924875133311, -0.3838399882338069, 0.13743536001539888]
[0.4526443711829948, 0.835223594461041, 0.27967871435969527],[-0.9121881643426248, -0.056963515605700274, -0.38236125796670317, 0.13589620719207673]
[0.4532254603627599, 0.8346425052812758, 0.2813792941175032],[-0.9130915005311977, -0.056046409560994305, -0.3808803008973532, 0.13436111052439567]
[0.45381410859431803, 0.8340538570497177, 0.28307466643688106],[-0.9139878539725935, -0.05513784810567227, -0.3793971712515136, 0.1328299926341878]
[0.4544102925456103, 0.8334576730984256, 0.28476476411890694],[-0.9148772738193605, -0.05423775022984953, -0.37791192213335123, 0.13130277761089193]
[0.45501398858588693, 0.8328539770581489, 0.28644952017372755],[-0.9157598082520707, -0.0533460363923012, -0.3764246055577249, 0.12977939097589156]
[0.455625172786644, 0.8322427928573918, 0.288128867823214],[-0.9166355045035317, -0.052462628488307836, -0.3749352724814466, 0.1282597596478231]
[0.45624382092257176, 0.831624144721464, 0.2898027405036089],[-0.9175044088822417, -0.05158744981832019, -0.3734439728335583, 0.12674381190882317]
[0.45686990847251485, 0.8309980571715209, 0.291471071868164],[-0.9183665667951211, -0.05072042505741907, -0.37195075554465945, 0.12523147737168236]
[0.4575034106204444, 0.8303645550235913, 0.2931337957897707],[-0.9192220227695396, -0.049861480225552555, -0.3704556685753197, 0.12372268694789068]
[0.45814430225644137, 0.8297236633875944, 0.2947908463635809],[-0.920070820474671, -0.04901054265852313, -0.36895875894360786, 0.12221737281653297]
[0.45879255797769203, 0.8290754076663438, 0.2964421579096186],[-0.9209130027421932, -0.04816754097971026, -0.36746007275177006, 0.12071546839402554]
[0.45944815208949485, 0.8284198135545409, 0.29808766497538436],[-0.9217486115863617, -0.047332405072500826, -0.36595965521208457, 0.11921690830465133]
[0.46011105860627877, 0.8277569070377571, 0.29972730233844874],[-0.9225776882234733, -0.046505066053415686, -0.3644575506719249, 0.1177216283518892]
[0.4607812512526334, 0.8270867143914024, 0.30136100500903795],[-0.9234002730907485, -0.045685456245905094, -0.3629538026380567, 0.11622956549049498]
[0.4614587034643505, 0.8264092621796852, 0.3029887082326095],[-0.9242164058646432, -0.04487350915480182, -0.36144845380019547, 0.11474065779932983]
[0.46214338838947666, 0.8257245772545592, 0.30461034749241916],[-0.92502612547862, -0.04406915944140768, -0.35994154605385126, 0.11325484445489928]
[0.46283527888937764, 0.8250326867546581, 0.30622585851207806],[-0.9258294701403885, -0.04327234289920007, -0.3584331205224848, 0.11177206570559213]
[0.4635343475398145, 0.8243336181042213, 0.3078351772581004],[-0.9266264773486398, -0.042482996430139704, -0.35692321757899864, 0.1102922628465946]
[0.46424056663202995, 0.8236273990120058, 0.30943823994244146],[-0.9274171839092873, -0.04170105802156273, -0.35541187686658515, 0.10881537819545938]
[0.4649539081738471, 0.8229140574701886, 0.3110349830250261],[-0.9282016259512349, -0.04092646672364216, -0.35389913731895506, 0.10734135506831341]
[0.4656743438907789, 0.8221936217532568, 0.312625343216267],[-0.9289798389416858, -0.04015916262740179, -0.3523850371799668, 0.10587013775668226]
[0.4664018452271488, 0.8214661204168869, 0.3142092574795736],[-0.9297518577010074, -0.0393990868432691, -0.3508696140226755, 0.10440167150491808]
[0.4671363833472223, 0.8207315822968134, 0.31578666303385056],[-0.9305177164171696, -0.03864618148015039, -0.3493529047678254, 0.10293590248820791]
[0.4678779291363505, 0.8199900365076852, 0.3173574973559859],[-0.9312774486597684, -0.03790038962501546, -0.34783494570179735, 0.10147277779115099]
[0.46862645320212376, 0.819241512441912, 0.31892169818332955],[-0.932031087393649, -0.03716165532297626, -0.3463157724940381, 0.10001224538688262]
[0.4693819258755366, 0.8184860397684992, 0.3204792035161612],[-0.9327786649921438, -0.0364299235578486, -0.3447954202139828, 0.09855425411673668]
[0.47014431721216393, 0.8177236484318718, 0.32202995162014747],[-0.9335202132499337, -0.03570514023318139, -0.34327392334748813, 0.0970987536704255]
[0.4709135969933479, 0.8169543686506879, 0.32357388102878937],[-0.9342557633955506, -0.034987252153740815, -0.3417513158127953, 0.09564569456672135]
[0.4716897347273954, 0.8161782309166403, 0.325110930545858],[-0.9349853461035277, -0.03427620700743922, -0.3402276309760359, 0.09419502813463146]
[0.4724726996507873, 0.8153952659932484, 0.32664103924782073],[-0.9357089915062126, -0.033571953347694604, -0.3387029016662957, 0.09274670649504772]
[0.47326246072939687, 0.8146055049146389, 0.32816414648625564],[-0.9364267292052518, -0.032874440576209675, -0.3371771601902533, 0.09130068254285724]
[0.47405898665972074, 0.813808978984315, 0.32968019189025555],[-0.9371385882827598, -0.03218361892615909, -0.3356504383464037, 0.08985690992950314]
[0.47486224587011916, 0.8130057197739166, 0.33118911536882106],[-0.9378445973121797, -0.03149943944577461, -0.334122767438884, 0.08841534304598224]
[0.47567220652206765, 0.8121957591219682, 0.332690857113242],[-0.9385447843688481, -0.030821853982316887, -0.3325941782909119, 0.0869759370062677]
[0.4764888365114187, 0.811379129132617, 0.33418535759946844],[-0.9392391770402713, -0.03015081516642256, -0.33106470125785076, 0.08553864763114037]
[0.47731210346967456, 0.8105558621743612, 0.3356725575904697],[-0.939927802436124, -0.029486276396819076, -0.329534366239912, 0.08410343143242573]
[0.4781419747652701, 0.8097259908787656, 0.33715239813858267],[-0.9406106871979787, -0.028828191825394384, -0.3280032026945079, 0.08267024559761531]
[0.47897841750486614, 0.8088895481391696, 0.3386248205878478],[-0.941287857508773, -0.028176516342615185, -0.326471239648265, 0.08123904797487151]
[0.47982139853465344, 0.8080465671093824, 0.3400897665763346],[-0.9419593391020233, -0.027531205563281706, -0.3249385057087097, 0.07980979705839666]
[0.4806708844416665, 0.8071970812023692, 0.3415471780384545],[-0.9426251572707963, -0.026892215812611635, -0.32340502907563573, 0.07838245197416124]
[0.48152684155510816, 0.8063411240889276, 0.3429969972072625],[-0.9432853368764386, -0.02625950411264461, -0.32187083755216467, 0.07695697246598103]
[0.48238923594768435, 0.8054787296963514, 0.3444391666167468],[-0.9439399023570806, -0.025633028168957277, -0.32033595855550684, 0.07553331888193006]
[0.4832580334369484, 0.8046099322070873, 0.3458736291041068],[-0.9445888777359134, -0.025012746357683212, -0.31880041912743606, 0.07411145216108567]
[0.48413319958665635, 0.8037347660573795, 0.3473003278120185],[-0.9452322866292524, -0.024398617712826767, -0.3172642459444832, 0.07269133382059009]
[0.4850146997081315, 0.8028532659359042, 0.3487192061908885],[-0.9458701522543891, -0.023790601913865627, -0.3157274653278598, 0.0712729259430253]
[0.4859024988616397, 0.801965466782396, 0.35013020800109484],[-0.9465024974372395, -0.02318865927363333, -0.31419010325311963, 0.06985619116409016]
[0.4867965618577743, 0.8010714037862614, 0.3515332773152172],[-0.9471293446197975, -0.0225927507264743, -0.3126521853595643, 0.06844109266057131]
[0.4876968532588505, 0.8001711123851852, 0.3529283585202524],[-0.947750715867394, -0.02200283781666473, -0.31111373695940675, 0.06702759413859966]
[0.48860333738031025, 0.7992646282637255, 0.3543153963198198],[-0.948366632875772, -0.021418882687092813, -0.30957478304669145, 0.06561565982218807]
[0.4895159782921368, 0.7983519873518989, 0.3556943357363523],[-0.9489771169779814, -0.020840848068190324, -0.3080353483059869, 0.06420525444203701]
[0.49043473982027846, 0.7974332258237573, 0.357065122113276],[-0.9495821891510979, -0.020268697267110267, -0.3064954571208525, 0.0627963432246056]
[0.4913595855480829, 0.7965083800959528, 0.3584277011171762],[-0.9501818700227741, -0.019702394157143338, -0.3049551335820887, 0.0613888918814377]
[0.49229047881774024, 0.7955774868262955, 0.3597820187399513],[-0.9507761798776245, -0.01914190316736843, -0.30341440149577575, 0.05998286659874098]
[0.4932273827317362, 0.7946405829122996, 0.3611280213009534],[-0.95136513866345, -0.018587189272528715, -0.30187328439111005, 0.058578234027203725]
[0.4941702601543144, 0.7936977054897213, 0.3624656554491159],[-0.951948765997309, -0.018038217983130416, -0.3003318055280408, 0.05717496127205293]
[0.4951190737129487, 0.792748891931087, 0.36379486816506834],[-0.9525270811714366, -0.01749495533575654, -0.29878998790471545, 0.05577301588334056]
[0.4960737857998239, 0.7917941798442119, 0.3651156067632378],[-0.9531001031590166, -0.01695736788359059, -0.2972478542647396, 0.05437236584645307]
[0.4970343585733271, 0.7908336070707086, 0.3664278188939373],[-0.9536678506198131, -0.016425422687145155, -0.2957054271042552, 0.052972979572839994]
[0.498000753959547, 0.7898672116844887, 0.3677314525454405],[-0.9542303419056616, -0.01589908730519075, -0.29416272867884485, 0.05157482589095661]
[0.49897293365378353, 0.7888950319902522, 0.36902645604604367],[-0.9547875950658279, -0.015378329785877373, -0.29261978101026526, 0.050177874037408136]
[0.4999508591220657, 0.7879171065219701, 0.3703127780661134],[-0.9553396278522347, -0.014863118658047875, -0.29107660589301687, 0.04878209364830206]
[0.5009344916026792, 0.7869334740413566, 0.3715903676201214],[-0.9558864577245632, -0.014353422922734204, -0.2895332249007528, 0.04738745475079075]
[0.5019237921077027, 0.7859441735363331, 0.37285917406866526],[-0.9564281018552284, -0.013849212044835038, -0.28798965939253335, 0.04599392775480869]
[0.5029187214245532, 0.7849492442194825, 0.37411914712047567],[-0.9569645771342384, -0.01335045594496808, -0.28644593051893014, 0.044601483444992936]
[0.5039192401175405, 0.7839487255264952, 0.3753702368344099],[-0.9574959001739335, -0.012857124991494452, -0.2849020592279824, 0.0432100929727876]
[0.50492530852943, 0.7829426571146058, 0.37661239362143106],[-0.9580220873136139, -0.01236918999270913, -0.28335806627101556, 0.04181972784872151]
[0.5059368867830144, 0.7819310788610213, 0.3778455682465738],[-0.9585431546240569, -0.011886622189194826, -0.2818139722083175, 0.04043035993486076]
[0.5069539347826951, 0.7809140308613406, 0.3790697118308959],[-0.9590591179119256, -0.01140939324633398, -0.2802697974146846, 0.039041961437426116]
[0.5079764122160707, 0.779891553427965, 0.3802847758534154],[-0.9595699927240748, -0.010937475246975763, -0.27872556208483723, 0.03765450489957494]
[0.5090042785555351, 0.7788636870885007, 0.3814907121530342],[-0.960075794351755, -0.010470840684254109, -0.2771812862387091, 0.03626796319434222]
[0.5100374930598837, 0.777830472584152, 0.38268747293044675],[-0.960576537834716, -0.01000946245455262, -0.2756369897266152, 0.03488230951773572]
[0.5110760147759288, 0.7767919508681069, 0.3838750107500345],[-0.9610722379652159, -0.009553313850613133, -0.27409269223430055, 0.033497517381982485]
[0.5121198025401223, 0.7757481631039134, 0.38505327854174654],[-0.9615629092919363, -0.009102368554783951, -0.2725484132878735, 0.03211356060892143]
[0.5131688149801874, 0.7746991506638483, 0.3862222296029648],[-0.9620485661238056, -0.008656600632405363, -0.27100417225862933, 0.03073041332354183]
[0.5142230105167587, 0.7736449551272772, 0.38738181760035567],[-0.9625292225337342, -0.008215984525327392, -0.2694599883677623, 0.029348049947658498]
[0.5152823473650296, 0.7725856182790061, 0.388531996571706],[-0.963004892362262, -0.0077804950455580045, -0.2679158806909747, 0.02796644519372496]
[0.5163467835364096, 0.7715211821076261, 0.3896727209277455],[-0.9634755892211238, -0.007350107369038065, -0.2663718681629821, 0.02658557405877974]
[0.5174162768401878, 0.770451688803848, 0.390803945453953],[-0.9639413264967305, -0.006924797029539398, -0.2648279695819198, 0.025205411818520186]
[0.5184907848852052, 0.7693771807588305, 0.3919256253123493],[-0.9644021173535714, -0.006504539912683944, -0.26328420361365307, 0.02382593402150433]
[0.5195702650815351, 0.7682977005625006, 0.393037716043274],[-0.9648579747375391, -0.00608931225008087, -0.26174058879599216, 0.02244711648347709]
[0.5206546746421717, 0.767213291001864, 0.39414017356714776],[-0.9653089113791768, -0.005679090613577052, -0.26019714354281825, 0.02106893528181116]
[0.5217439705847252, 0.7661239950593105, 0.3952329541862197],[-0.9657549397968543, -0.00527385190962136, -0.25865388614811874, 0.019691366750071725]
[0.5228381097331258, 0.7650298559109099, 0.39631601458629906],[-0.9661960722998681, -0.004873573373737024, -0.2571108347899383, 0.018314387472690836]
[0.5239370487193356, 0.7639309169247003, 0.3973893118384725],[-0.9666323209914757, -0.004478232565101191, -0.2555680075342451, 0.016937974279755384]
[0.5250407439850663, 0.7628272216589694, 0.3984528034008052],[-0.9670636977718573, -0.004087807361228023, -0.2540254223387169, 0.015562104241901593]
[0.5261491517835073, 0.7617188138605284, 0.39950644712002736],[-0.9674902143410135, -0.003702275952754089, -0.2524830970564472, 0.014186754665318567]
[0.5272622281810585, 0.7606057374629773, 0.40055020123320495],[-0.9679118822015963, -0.0033216168383220644, -0.2509410494395758, 0.012811903086852173]
[0.5283799290590718, 0.7594880365849639, 0.401584024369395],[-0.9683287126616765, -0.0029458088195618596, -0.24939929714284464, 0.011437527269212627]
[0.5295022101156008, 0.758365755528435, 0.40260787555128563],[-0.9687407168374504, -0.00257483099616533, -0.24785785772707955, 0.010063605196277668]
[0.5306290268671553, 0.7572389387768804, 0.4036217141968197],[-0.9691479056558844, -0.002208662761053765, -0.24631674866260578, 0.00869011506849416]
[0.5317603346504656, 0.7561076309935701, 0.4046255001208041],[-0.9695502898573011, -0.001847283795635046, -0.24477598733258996, 0.007317035298372964]
[0.5328960886242523, 0.7549718770197834, 0.4056191935365019],[-0.9699478799979082, -0.0014906740651483169, -0.24323559103632028, 0.005944344506074251]
[0.534036243771004, 0.7538317218730318, 0.4066027550572099],[-0.9703406864522707, -0.0011388138140947515, -0.24169557699241911, 0.004572021515084199]
[0.535180754898761, 0.7526872107452747, 0.4075761456978194],[-0.9707287194157282, -0.0007916835617512127, -0.240155962341994, 0.0032000453479761664]
[0.5363295766429077, 0.751538389001128, 0.40853932687636163],[-0.9711119889067584, -0.0004492640977660557, -0.23861676415172808, 0.0018283952222593039]
[0.5374826634679692, 0.7503853021760665, 0.40949226041553666],[-0.9714905047692887, -0.00011153647783466773, -0.23707799941691113, 0.0004570505463108809]
[0.5386399696694177, 0.749227995974618, 0.4104349085442275],[0.971864276674956, -0.00022151798054841385, 0.23553968506441145, 0.0009140090846148011]
[0.5398014493754827, 0.748066516268553, 0.411367233898996],[0.9722333141253175, -0.0005499177022596247, 0.23400183795559434, 0.0022848038922904223]
[0.5409670565489703, 0.7469009090950655, 0.41228919952556486],[0.9725976264540117, -0.0008736808586444391, 0.23246447488918445, 0.0036553539193502765]
[0.5421367449890873, 0.7457312206549485, 0.4132007688802818],[0.9729572228288722, -0.0011928253715420556, 0.23092761260407552, 0.00502567903304472]
[0.5433104683332728, 0.7445574973107629, 0.41410190583156836],[0.9733121122539955, -0.0015073689172396681, 0.22939126778208893, 0.006395798928921196]
[0.5444881800590357, 0.7433797855850001, 0.41499257466135164],[0.9736623035717611, -0.0018173289303579593, 0.227855457050683, 0.007765733134433311]
[0.5456698334857983, 0.7421981321582374, 0.41587274006648045],[0.9740078054648101, -0.0021227226076697032, 0.2263201969856122, 0.009135501012480767]
[0.5468553817767479, 0.7410125838672879, 0.41674236716012436],[0.974348626457979, -0.002423566911852494, 0.22478550411354037, 0.010505121764879145]
[0.5480447779406914, 0.7398231877033443, 0.4176014214731565],[0.9746847749201893, -0.0027198785751773313, 0.22325139491460763, 0.01187461443576182]
[0.5492379748339191, 0.7386299908101166, 0.41844986895552005],[0.9750162590662985, -0.0030116741031349856, 0.22171788582495278, 0.013243997914917194]
[0.5504349251620735, 0.7374330404819623, 0.41928767597757755],[0.9753430869589083, -0.003298969778001572, 0.22018499323919236, 0.0146132909410625]
[0.5516355814820226, 0.7362323841620131, 0.42011480933144396],[0.9756652665101337, -0.0035817816623440364, 0.21865273351285813, 0.015982512105052183]
[0.5528398962037419, 0.7350280694402939, 0.4209312362323031],[0.9759828054833337, -0.003860125602467812, 0.21712112296479205, 0.01735167985302607]
[0.5540478215921996, 0.7338201440518362, 0.421736924319707],[0.9762957114948033, -0.004134017231808228, 0.21559017787950346, 0.018720812489499333]
[0.5552593097692492, 0.7326086558747865, 0.4225318416588586],[0.976603992015428, -0.004403471974265967, 0.21405991450948617, 0.020089928180390938]
[0.5564743127155273, 0.7313936529285084, 0.42331595674187716],[0.9769076543723029, -0.00466850504748901, 0.21253034907749854, 0.02145904495599685]
[0.5576927822723564, 0.7301751833716793, 0.4240892384890478],[0.9772067057503152, -0.0049291314661015564, 0.21100149777880764, 0.02282818071390537]
[0.5589146701436543, 0.7289532955003815, 0.42485165625005294],[0.9775011531936925, -0.0051853660448816855, 0.2094733767833957, 0.024197353221858422]
[0.5601399278978482, 0.7277280377461876, 0.42560317980518736],[0.9777910036075165, -0.005437223401889218, 0.20794600223813517, 0.025566580120560487]
[0.561368506969794, 0.7264994586742417, 0.42634377936655576],[0.9780762637592032, -0.005684717961543786, 0.20641939026892817, 0.026935878926431105]
[0.5626003586627022, 0.7252676069813335, 0.4270734255792539],[0.9783569402799503, -0.005927863957656583, 0.20489355698281322, 0.028305267034312687]
[0.563835434150067, 0.7240325314939688, 0.42779208952253156],[0.9786330396661539, -0.006166675436413827, 0.20336851847004228, 0.029674761720119715]
[0.5650736844776021, 0.7227942811664336, 0.4284997427109395],[0.9789045682807912, -0.006401166259316433, 0.20184429080612495, 0.031044380143446564]
[0.5663150605651815, 0.7215529050788542, 0.4291963570954578],[0.9791715323547747, -0.006631350106074007, 0.2003208900538435, 0.03241413935012066]
[0.5675595132087843, 0.7203084524352514, 0.42988190506460844],[0.9794339379882753, -0.006857240477457061, 0.19879833226523966, 0.03378405627471512]
[0.5688069930824448, 0.719060972561591, 0.43055635944554904],[0.9796917911520159, -0.007078850698105617, 0.1972766334835723, 0.035154147743008256]
[0.5700574507402083, 0.7178105149038274, 0.4312196935051503],[0.9799450976885362, -0.007296193919298153, 0.19575580974524773, 0.03652443047440489]
[0.5713108366180906, 0.7165571290259451, 0.43187188095105544],[0.9801938633134294, -0.007509283121679171, 0.1942358770817242, 0.037894921084306706]
[0.5725671010360427, 0.7153008646079931, 0.43251289593272246],[0.9804380936165504, -0.007718131117949091, 0.19271685152138923, 0.039265636086446336]
[0.5738261941999194, 0.7140417714441163, 0.43314271304244845],[0.9806777940631973, -0.007922750555514897, 0.19119874909141352, 0.040636591895172845]
[0.5750880662034539, 0.7127798994405818, 0.4337613073163772],[0.9809129699952661, -0.00812315391910446, 0.18968158581957964, 0.04200780482769953]
[0.5763526670302352, 0.7115152986138005, 0.4343686542354883],[0.9811436266323791, -0.008319353533344504, 0.18816537773608594, 0.04337929110631037]
[0.577619946555691, 0.7102480190883447, 0.4349647297265691],[0.9813697690729875, -0.008511361565303258, 0.18665014087532988, 0.04475106686052533]
[0.578889854549074, 0.7089781110949617, 0.4355495101631689],[0.9815914022954496, -0.008699190026999032, 0.18513589127766714, 0.04612314812922843]
[0.5801623406754535, 0.7077056249685822, 0.4361229723665352],[0.9818085311590826, -0.008882850777875345, 0.1836226449911502, 0.047495550862756794]
[0.5814373544977098, 0.7064306111463259, 0.43668509360653296],[0.9820211604051922, -0.009062355527243438, 0.18211041807324468, 0.04886829092495227]
[0.5827148454785341, 0.7051531201655017, 0.4372358516025452],[0.9822292946580766, -0.009237715836693031, 0.18059922659252692, 0.05024138409517529]
[0.583994762982431, 0.7038732026616047, 0.4377752245243557],[0.9824329384260087, -0.00940894312247294, 0.17908908663036094, 0.051614846070286456]
[0.585277056277726, 0.7025909093663097, 0.4383031909930154],[0.9826320961021943, -0.00957604865784051, 0.17758001428255482, 0.05298869246658699]
[0.5865616745385761, 0.7013062911054597, 0.4388197300816885],[0.9828267719657078, -0.00973904357538321, 0.17607202566100136, 0.05436293882173087]
[0.5878485668469842, 0.7000193987970516, 0.4393248213164831],[0.9830169701824069, -0.00989793886931089, 0.17456513689529907, 0.055737600596598214]
[0.5891376821948175, 0.6987302834492182, 0.4398184446772616],[0.9832026948058247, -0.010052745397720646, 0.17305936413435458, 0.05711269317713683]
[0.5904289694858299, 0.6974389961582058, 0.44030058059843546],[0.9833839497780408, -0.01020347388483537, 0.1715547235479699, 0.05848823187617344]
[0.591722377537686, 0.6961455881063497, 0.4407712099697393],[0.9835607389305308, -0.010350134923215707, 0.1700512313284128, 0.059864231935189895]
[0.5930178550839906, 0.6948501105600451, 0.4412303141369899],[0.9837330659849971, -0.010492738975946696, 0.1685489036919702, 0.06124070852606841]
[0.594315350776321, 0.6935526148677147, 0.44167787490282406],[0.9839009345541778, -0.010631296378800085, 0.16704775688048762, 0.06261767675280691]
[0.5956148131862616, 0.6922531524577741, 0.44211387452742124],[0.9840643481426364, -0.010765817342372844, 0.16554780716289175, 0.06399515165320517]
[0.5969161908074427, 0.690951774836593, 0.4425382957292059],[0.984223310147532, -0.010896311954202056, 0.16404907083670078, 0.06537314820051773]
[0.5982194320575819, 0.6896485335864538, 0.4429511216855324],[0.9843778238593709, -0.011022790180857653, 0.16255156422951825, 0.06675168130508033]
[0.599524485280529, 0.6883434803635067, 0.44335233603335256],[0.9845278924627385, -0.011145261870013488, 0.16105530370051507, 0.0681307658159078]
[0.6008312987483131, 0.6870366668957226, 0.44374192286986336],[0.9846735190370138, -0.011263736752497063, 0.15956030564189752, 0.06951041652226264]
[0.6021398206631928, 0.6857281449808429, 0.44411986675313797],[0.9848147065570645, -0.011378224444318746, 0.15806658648036317, 0.07089064815519534]
[0.60344999915971, 0.6844179664843257, 0.4444861527027374],[0.9849514578939256, -0.011488734448681445, 0.1565741626785425, 0.07227147538905997]
[0.6047617823067449, 0.6831061833372908, 0.4448407662003043],[0.9850837758154599, -0.011595276157970806, 0.1550830507364312, 0.07365291284299967]
[0.6060751181095747, 0.681792847534461, 0.4451836931901385],[0.9852116629870009, -0.011697858855727388, 0.15359326719280939, 0.07503497508241001]
[0.6073899545119346, 0.6804780111321012, 0.44551492007975446],[0.9853351219719791, -0.011796491718600075, 0.15210482862664915, 0.07641767662037115]
[0.608706239398081, 0.6791617262459547, 0.4458344337404193],[0.9854541552325323, -0.011891183818283255, 0.15061775165851277, 0.07780103191906053]
[0.610023920594857, 0.6778440450491787, 0.4461422215076738],[0.9855687651300976, -0.011981944123436464, 0.14913205295193913, 0.07918505539113585]
[0.611342945873761, 0.6765250197702747, 0.4464382711818342],[0.9856789539259906, -0.012068781501588181, 0.14764774921482013, 0.0805697614010951]
[0.6126632629530161, 0.6752047026910196, 0.4467225710284757],[0.9857847237819646, -0.012151704721024456, 0.14616485720076855, 0.08195516426661349]
[0.613984819499643, 0.6738831461443927, 0.44699510977889756],[0.985886076760758, -0.012230722452662065, 0.144683393710475, 0.08334127825985407]
[0.6153075631315337, 0.672560402512502, 0.44725587663056976],[0.9859830148266235, -0.012305843271907813, 0.14320337559305618, 0.08472811760875783]
[0.6166314414195284, 0.6712365242245073, 0.4475048612475613],[0.9860755398458447, -0.012377075660503622, 0.14172481974739456, 0.08611569649830754]
[0.6179564018894932, 0.6699115637545425, 0.44774205376094967],[0.9861636535872353, -0.01244442800835868, 0.14024774312346946, 0.08750402907177082]
[0.6192823920243999, 0.6685855736196358, 0.44796744476921235],[0.9862473577226262, -0.01250790861536892, 0.13877216272368, 0.08889312943192085]
[0.6206093592664084, 0.6672586063776274, 0.44818102533859894],[0.9863266538273361, -0.012567525693224207, 0.13729809560415937, 0.09028301164223419]
[0.6219372510189484, 0.6659307146250873, 0.4483827870034859],[0.9864015433806291, -0.012623287367203796, 0.13582555887608286, 0.09167368972806483]
[0.6232660146488059, 0.6646019509952298, 0.4485727217667116],[0.9864720277661592, -0.012675201677961418, 0.13435456970696702, 0.09306517767780276]
[0.6245955974882084, 0.6632723681558274, 0.4487508220998935],[0.9865381082723981, -0.012723276583298866, 0.1328851453219627, 0.0944574894440035]
[0.6259259468369122, 0.6619420188071236, 0.4489170809437264],[0.9865997860930531, -0.0127675199599304, 0.13141730300514132, 0.09585063894450278]
[0.6272570099642922, 0.6606109556797435, 0.44907149170826255],[0.98665706232747, -0.012807939605237044, 0.12995106010077306, 0.09724464006350694]
[0.6285887341114313, 0.6592792315326044, 0.4492140482731726],[0.9867099379810216, -0.01284454323901242, 0.1284864340146014, 0.09863950665266515]
[0.6299210664932119, 0.6579468991508238, 0.44934474498798826],[0.9867584139654866, -0.012877338505199652, 0.12702344221510822, 0.10003525253211996]
[0.6312539543004079, 0.6566140113436278, 0.4494635766723264],[0.9868024910994125, -0.012906332973620696, 0.12556210223477618, 0.10143189149153939]
[0.6325873447017779, 0.6552806209422578, 0.449570538616094],[0.9868421701084688, -0.012931534141697681, 0.12410243167134345, 0.10282943729112627]
[0.6339211848461596, 0.6539467807978762, 0.4496656265796751],[0.9868774516257851, -0.012952949436167758, 0.12264444818905341, 0.10422790366261216]
[0.635255421864564, 0.6526125437794718, 0.44974883679409916],[0.9869083361922802, -0.012970586214791342, 0.12118816951989975, 0.10562730431023049]
[0.6365900028722717, 0.651277962771764, 0.4498201659611899],[0.9869348242569764, -0.012984451768053861, 0.11973361346486554, 0.10702765291166781]
[0.6379248749709285, 0.6499430906731072, 0.44987961125369613],[0.9869569161773042, -0.01299455332086268, 0.11828079789515854, 0.10842896311900119]
[0.6392599852506424, 0.6486079803933933, 0.4499271703154043],[0.9869746122193942, -0.013000898034238338, 0.11682974075344077, 0.10983124855961272]
[0.6405952807920806, 0.6472726848519551, 0.4499628412612312],[0.9869879125583585, -0.0130034930070017, 0.11538046005505503, 0.11123452283708869]
[0.6419307086685674, 0.6459372569754683, 0.44998662267729916],[0.9869968172785595, -0.013002345277456485, 0.1139329738892454, 0.1126387995320979]
[0.6432662159481815, 0.6446017496958543, 0.44999851362099186],[0.9870013263738697, -0.012997461825068468, 0.11248730042037532, 0.11404409220325312]
[0.6446017496958543, 0.6432662159481815, 0.44999851362099186],[0.9870014397479188, -0.012988849572141371, 0.11104345788914063, 0.11545041438795459]
[0.6459372569754683, 0.6419307086685674, 0.44998662267729916],[0.9869971572143309, -0.012976515385490167, 0.10960146461377958, 0.11685777960321683]
[0.647272684851955, 0.6405952807920807, 0.4499628412612312],[0.9869884784969515, -0.012960466078111634, 0.10816133899127821, 0.11826620134647416]
[0.6486079803933933, 0.6392599852506424, 0.4499271703154043],[0.9869754032300632, -0.012940708410853643, 0.10672309949857343, 0.11967569309637291]
[0.6499430906731072, 0.6379248749709285, 0.44987961125369613],[0.9869579309585919, -0.012917249094082692, 0.10528676469375256, 0.12108626831354309]
[0.651277962771764, 0.6365900028722717, 0.4498201659611899],[0.9869360611383026, -0.012890094789350784, 0.10385235321724832, 0.12249794044135666]
[0.6526125437794716, 0.6352554218645641, 0.44974883679409916],[0.9869097931359857, -0.012859252111061328, 0.102419883793033, 0.12391072290666189]
[0.653946780797876, 0.6339211848461597, 0.4496656265796751],[0.9868791262296329, -0.012824727628135779, 0.10098937522980814, 0.12532462912050946]
[0.6552806209422577, 0.632587344701778, 0.449570538616094],[0.9868440596086041, -0.012786527865679725, 0.09956084642219126, 0.12673967247885315]
[0.6566140113436277, 0.631253954300408, 0.4494635766723264],[0.9868045923737838, -0.012744659306650738, 0.09813431635190172, 0.12815586636323997]
[0.6579468991508237, 0.629921066493212, 0.44934474498798826],[0.9867607235377301, -0.012699128393526932, 0.09670980408894188, 0.12957322414148084]
[0.6592792315326043, 0.6285887341114315, 0.4492140482731726],[0.9867124520248128, -0.01264994152997723, 0.0952873287927763, 0.13099175916830394]
[0.6606109556797435, 0.6272570099642922, 0.44907149170826255],[0.9866597766713427, -0.012597105082534265, 0.09386690971351014, 0.13241148478599374]
[0.6619420188071236, 0.6259259468369122, 0.4489170809437264],[0.9866026962256931, -0.012540625382269268, 0.09244856619306342, 0.1338324143250105]
[0.6632723681558274, 0.6245955974882084, 0.4487508220998935],[0.986541209348411, -0.01248050872647042, 0.09103231766634347, 0.13525456110459685]
[0.6646019509952297, 0.623266014648806, 0.4485727217667116],[0.9864753146123216, -0.01241676138032446, 0.08961818366241622, 0.13667793843336473]
[0.6659307146250872, 0.6219372510189485, 0.448382787003486],[0.9864050105026222, -0.012349389578602238, 0.0882061838056738, 0.13810255960986884]
[0.6672586063776274, 0.6206093592664084, 0.44818102533859894],[0.9863302954169694, -0.012278399527348686, 0.08679633781700306, 0.1395284379231608]
[0.6685855736196357, 0.6192823920244, 0.44796744476921235],[0.9862511676655576, -0.01220379740557712, 0.08538866551494784, 0.14095558665332877]
[0.6699115637545425, 0.6179564018894932, 0.44774205376094967],[0.9861676254711892, -0.01212558936696952, 0.08398318681687422, 0.1423840190720223]
[0.6712365242245073, 0.6166314414195284, 0.4475048612475613],[0.986079666969337, -0.012043781541581543, 0.08257992174013054, 0.1438137484429566]
[0.6725604025125019, 0.6153075631315338, 0.44725587663056976],[0.9859872902081993, -0.011958380037554095, 0.08117889040320603, 0.14524478802240598]
[0.6738831461443927, 0.613984819499643, 0.44699510977889756],[0.985890493148747, -0.01186939094283143, 0.07978011302689078, 0.14667715105967682]
[0.6752047026910195, 0.6126632629530162, 0.4467225710284758],[0.9857892736647623, -0.011776820326885757, 0.0783836099354299, 0.14811085079756664]
[0.6765250197702747, 0.611342945873761, 0.4464382711818342],[0.9856836295428721, -0.011680674242449436, 0.07698940155767879, 0.1495459004728056]
[0.6778440450491786, 0.6100239205948571, 0.4461422215076738],[0.9855735584825723, -0.01158095872725502, 0.07559750842825641, 0.15098231331648376]
[0.6791617262459547, 0.608706239398081, 0.4458344337404193],[0.9854590580962458, -0.011477679805783219, 0.074207951188696, 0.15242010255446037]
[0.680478011132101, 0.6073899545119347, 0.44551492007975446],[0.985340125909173, -0.01137084349101968, 0.0728207505885955, 0.15385928140775743]
[0.6817928475344609, 0.6060751181095748, 0.4451836931901385],[0.9852167593595367, -0.011260455786220666, 0.07143592748676528, 0.15529986309293764]
[0.6831061833372908, 0.6047617823067449, 0.4448407662003043],[0.9850889557984183, -0.011146522686688424, 0.0700535028523758, 0.15674186082246552]
[0.6844179664843256, 0.6034499991597101, 0.4444861527027374],[0.9849567124897899, -0.011029050181556255, 0.06867349776610258, 0.1581852878050525]
[0.6857281449808428, 0.6021398206631929, 0.4441198667531381],[0.9848200266104972, -0.010908044255583909, 0.06729593342126977, 0.1596301572459849]
[0.6870366668957225, 0.6008312987483131, 0.44374192286986347],[0.9846788952502386, -0.010783510890963919, 0.06592083112499234, 0.16107648234743793]
[0.6883434803635067, 0.599524485280529, 0.44335233603335256],[0.9845333154115362, -0.010655456069138996, 0.0645482122993173, 0.16252427630877]
[0.6896485335864537, 0.598219432057582, 0.4429511216855324],[0.9843832840097023, -0.010523885772631246, 0.06317809848236317, 0.16397355232680363]
[0.690951774836593, 0.5969161908074427, 0.4425382957292059],[0.984228797872799, -0.010388805986882991, 0.06181051132945637, 0.16542432359608686]
[0.6922531524577741, 0.5956148131862616, 0.44211387452742124],[0.9840698537415921, -0.010250222702110645, 0.06044547261426794, 0.16687660330914153]
[0.6935526148677146, 0.5943153507763211, 0.44167787490282406],[0.9839064482694994, -0.010108141915171237, 0.059083004229948194, 0.16833040465669136]
[0.694850110560045, 0.5930178550839907, 0.4412303141369899],[0.9837385780225347, -0.009962569631442247, 0.05772312819025819, 0.16978574082787676]
[0.6961455881063496, 0.5917223775376861, 0.4407712099697394],[0.9835662394792444, -0.009813511866715573, 0.05636586663070236, 0.17124262501044954]
[0.6974389961582057, 0.59042896948583, 0.44030058059843546],[0.9833894290306399, -0.009660974649105182, 0.055011241809655304, 0.17270107039095325]
[0.6987302834492181, 0.5891376821948177, 0.4398184446772617],[0.9832081429801256, -0.009504964020970064, 0.05365927610949043, 0.17416109015488604]
[0.7000193987970516, 0.5878485668469842, 0.4393248213164831],[0.9830223775434209, -0.009345486040851971, 0.0523099920377053, 0.1756226974868444]
[0.7013062911054596, 0.5865616745385761, 0.4388197300816885],[0.9828321288484773, -0.009182546785428574, 0.05096341222804321, 0.1770859055706527]
[0.7025909093663096, 0.5852770562777261, 0.4383031909930154],[0.982637392935392, -0.0090161523514832, 0.04961955944161624, 0.17855072758947446]
[0.7038732026616046, 0.5839947629824311, 0.4377752245243557],[0.982438165756316, -0.008846308857890384, 0.04827845656802274, 0.18001717672590506]
[0.7051531201655016, 0.5827148454785341, 0.4372358516025452],[0.9822344431753577, -0.008673022447618672, 0.04694012662646424, 0.1814852661620481]
[0.7064306111463259, 0.5814373544977098, 0.43668509360653296],[0.9820262209684837, -0.00849629928975072, 0.04560459276686007, 0.182955009079573]
[0.7077056249685821, 0.5801623406754536, 0.4361229723665352],[0.9818134948234132, -0.008316145581521219, 0.04427187827095864, 0.18442641865975737]
[0.7089781110949616, 0.5788898545490742, 0.4355495101631689],[0.9815962603395103, -0.0081325675503729, 0.042942006553446294, 0.1858995080835091]
[0.7102480190883447, 0.577619946555691, 0.4349647297265691],[0.9813745130276725, -0.007945571456031534, 0.0416150011630545, 0.18737429053137114]
[0.7115152986138004, 0.5763526670302354, 0.4343686542354883],[0.9811482483102144, -0.007755163592599694, 0.04029088578366245, 0.18885077918350698]
[0.7127798994405817, 0.575088066203454, 0.4337613073163772],[0.9809174615207484, -0.0075613502906705056, 0.03896968423539783, 0.19032898721967198]
[0.7140417714441163, 0.5738261941999194, 0.43314271304244845],[0.9806821479040633, -0.0073641379194612664, 0.03765142047573475, 0.1918089278191596]
[0.715300864607993, 0.5725671010360427, 0.43251289593272246],[0.9804423026159971, -0.007163532888967479, 0.03633611860058652, 0.1932906141607357]
[0.716557129025945, 0.5713108366180907, 0.43187188095105555],[0.9801979207233097, -0.006959541652138357, 0.03502380284539824, 0.19477405942255036]
[0.7178105149038274, 0.5700574507402083, 0.43121969350515044],[0.9799489972035511, -0.006752170707072882, 0.03371449758623144, 0.19625927678202953]
[0.719060972561591, 0.5688069930824448, 0.43055635944554915],[0.9796955269449268, -0.006541426599238837, 0.032408227340849534, 0.19774627941575226]
[0.7203084524352514, 0.5675595132087843, 0.42988190506460855],[0.9794375047461618, -0.006327315923713304, 0.031105016769795376, 0.199235080499305]
[0.7215529050788541, 0.5663150605651817, 0.4291963570954579],[0.9791749253163612, -0.006109845327446562, 0.02980489067746767, 0.20072569320711595]
[0.7227942811664335, 0.5650736844776022, 0.4284997427109395],[0.9789077832748692, -0.005889021511548955, 0.028507874013190566, 0.20221813071227393]
[0.7240325314939687, 0.563835434150067, 0.42779208952253156],[0.9786360731511257, -0.0056648512336018916, 0.027213991872281414, 0.20371240618632233]
[0.7252676069813335, 0.5626003586627022, 0.427073425579254],[0.9783597893845216, -0.0054373413099925655, 0.025923269497110612, 0.20520853279903647]
[0.7264994586742416, 0.5613685069697941, 0.4263437793665559],[0.9780789263242524, -0.005206498618274068, 0.024635732278160044, 0.2067065237181793]
[0.7277280377461876, 0.5601399278978482, 0.42560317980518736],[0.9777934782291696, -0.004972330099549859, 0.023351405755072115, 0.2082063921092375]
[0.7289532955003813, 0.5589146701436544, 0.42485165625005306],[0.9775034392676313, -0.00473484276088479, 0.022070315617697827, 0.20970815113513602]
[0.7301751833716792, 0.5576927822723564, 0.4240892384890479],[0.9772088035173525, -0.004494043677741597, 0.020792487707135817, 0.21121181395593272]
[0.7313936529285083, 0.5564743127155274, 0.42331595674187716],[0.9769095649652529, -0.004249939996444202, 0.0195179480167665, 0.2127173937284907]
[0.7326086558747864, 0.5552593097692493, 0.4225318416588586],[0.9766057175073054, -0.004002538936668501, 0.01824672269328165, 0.21422490360613122]
[0.7338201440518362, 0.5540478215921996, 0.4217369243197071],[0.9762972549483832, -0.003751847793960027, 0.016978838037704433, 0.21573435673826322]
[0.7350280694402939, 0.5528398962037419, 0.4209312362323031],[0.9759841710021068, -0.0034978739422802697, 0.015714320506405307, 0.2172457662699927]
[0.7362323841620131, 0.5516355814820226, 0.42011480933144396],[0.975666459290692, -0.0032406248365812068, 0.014453196712109576, 0.2187591453417072]
[0.7374330404819622, 0.5504349251620735, 0.41928767597757755],[0.9753441133447954, -0.0029801080154090095, 0.013195493424897904, 0.2202745070886432]
[0.7386299908101165, 0.5492379748339192, 0.41844986895552005],[0.9750171266033631, -0.0027163311035373577, 0.011941237573199912, 0.2217918646404271]
[0.7398231877033443, 0.5480447779406914, 0.4176014214731566],[0.9746854924134782, -0.002449301814630498, 0.010690456244778686, 0.22331123112059237]
[0.7410125838672877, 0.546855381776748, 0.41674236716012447],[0.9743492040302094, -0.0021790279539369976, 0.009443176687707664, 0.22483261964607817]
[0.7421981321582372, 0.5456698334857985, 0.41587274006648056],[0.9740082546164601, -0.0019055174210144776, 0.008199426311339051, 0.22635604332670284]
[0.7433797855850001, 0.5444881800590357, 0.41499257466135175],[0.9736626372428202, -0.0016287782124856296, 0.006959232687262552, 0.22788151526461153]
[0.7445574973107628, 0.5433104683332728, 0.4141019058315685],[0.9733123448874177, -0.001348818424826596, 0.00572262355025637, 0.22940904855370298]
[0.7457312206549483, 0.5421367449890874, 0.4132007688802819],[0.9729573704357727, -0.0010656462571872712, 0.004489626799226293, 0.2309386562790318]
[0.7469009090950653, 0.5409670565489704, 0.41228919952556486],[0.9725977066806526, -0.0007792700142450166, 0.0032602704981367597, 0.23247035151618575]
[0.748066516268553, 0.5398014493754827, 0.411367233898996],[0.9722333463219308, -0.0004896981090915416, 0.0020345828769302936, 0.23400414733063882]
[0.749227995974618, 0.5386399696694177, 0.4104349085442275],[0.9718642819664459, -0.00019693906615394545, 0.0008125923324370667, 0.23554005677708]
[0.7503853021760664, 0.5374826634679694, 0.40949226041553677],[0.971490506127865, 9.899847585010237e-05, -0.0004056725707279562, 0.2370780928987156]
[0.751538389001128, 0.5363295766429077, 0.40853932687636163],[0.9711120112265488, 0.00039810576092210495, -0.0016201830992788877, 0.23861826872654796]
[0.7526872107452746, 0.5351807548987612, 0.4075761456978195],[0.9707287895894219, 0.0007003739127567692, -0.00283091035038367, 0.24016059727862576]
[0.7538317218730317, 0.534036243771004, 0.40660275505721],[0.9703408334498421, 0.0010057939316807899, -0.004037825250804018, 0.24170509155927336]
[0.7549718770197834, 0.5328960886242523, 0.405619193536502],[0.9699481349474787, 0.0013143566915545491, -0.005240898556045614, 0.24325176455828693]
[0.7561076309935701, 0.5317603346504656, 0.4046255001208041],[0.9695506861281906, 0.0016260529366374237, -0.006440100849523713, 0.24480062925011004]
[0.7572389387768804, 0.5306290268671553, 0.4036217141968197],[0.969148478943911, 0.0019408732784154162, -0.0076354025417415235, 0.24635169859298017]
[0.7583657555284348, 0.5295022101156008, 0.40260787555128574],[0.9687415052525344, 0.0022588081923908946, -0.008826773869482971, 0.2479049855280461]
[0.7594880365849638, 0.5283799290590719, 0.4015840243693951],[0.9683297568178113, 0.002579848014834305, -0.010014184895021644, 0.24946050297846192]
[0.7606057374629772, 0.5272622281810585, 0.40055020123320495],[0.9679132253092446, 0.002903982939496374, -0.01119760550534272, 0.25101826384844833]
[0.7617188138605283, 0.5261491517835074, 0.3995064471200275],[0.967491902301994, 0.003231203014281761, -0.012377005411383738, 0.25257828102233143]
[0.7628272216589693, 0.5250407439850663, 0.39845280340080524],[0.9670657792767844, 0.0035614981378822037, -0.013552354147289461, 0.25414056736354756]
[0.7639309169247002, 0.5239370487193356, 0.3973893118384726],[0.9666348476198213, 0.0038948580563695446, -0.014723621069684455, 0.255705135713622]
[0.7650298559109098, 0.5228381097331259, 0.39631601458629917],[0.9661990986227107, 0.004231272359748281, -0.015890775356964284, 0.2572719988911217]
[0.7661239950593105, 0.5217439705847252, 0.39523295418621973],[0.9657585234823887, 0.004570730478466311, -0.017053786008603362, 0.2588411696905703]
[0.767213291001864, 0.5206546746421717, 0.3941401735671478],[0.9653131133010538, 0.004913221679884051, -0.018212621844481573, 0.2604126608813423]
[0.7682977005625005, 0.5195702650815353, 0.3930377160432741],[0.9648628590861108, 0.005258735064701612, -0.019367251504231676, 0.2619864852065219]
[0.7693771807588305, 0.5184907848852052, 0.3919256253123493],[0.9644077517501177, 0.00560725956334312, -0.02051764344660591, 0.26356265538173396]
[0.770451688803848, 0.5174162768401878, 0.390803945453953],[0.9639477821107452, 0.005958783932297281, -0.021663765948861498, 0.2651411840939397]
[0.771521182107626, 0.5163467835364097, 0.3896727209277455],[0.96348294089074, 0.00631329675041518, -0.02280558710617001, 0.2667220840002094]
[0.7725856182790061, 0.5152823473650296, 0.3885319965717061],[0.9630132187178997, 0.006670786415163504, -0.023943074831047434, 0.2683053677264564]
[0.773644955127277, 0.5142230105167587, 0.3873818176003557],[0.9625386061250545, 0.007031241138832916, -0.02507619685280567, 0.26989104786614204]
[0.7746991506638482, 0.5131688149801875, 0.38622222960296493],[0.9620590935500606, 0.007394648944702012, -0.026204920717029484, 0.2714791369789484]
[0.7757481631039134, 0.5121198025401223, 0.38505327854174654],[0.9615746713358001, 0.0077609976631551735, -0.027329213785074996, 0.27306964758942004]
[0.7767919508681068, 0.5110760147759289, 0.3838750107500346],[0.9610853297301941, 0.008130274927754958, -0.028449043233594935, 0.27466259218556893]
[0.7778304725841519, 0.5100374930598838, 0.3826874729304468],[0.9605910588862231, 0.008502468171267638, -0.02956437605408697, 0.2762579832174517]
[0.7788636870885006, 0.5090042785555351, 0.3814907121530343],[0.9600918488619603, 0.008877564621642582, -0.030675179052470993, 0.27785583309570855]
[0.7798915534279649, 0.5079764122160708, 0.38028477585341547],[0.9595876896206155, 0.009255551297943414, -0.03178141884868954, 0.27945615419007086]
[0.7809140308613405, 0.5069539347826951, 0.3790697118308959],[0.9590785710305897, 0.009636415006232506, -0.03288306187633934, 0.2810589588278348]
[0.7819310788610213, 0.5059368867830144, 0.3778455682465738],[0.9585644828655427, 0.010020142335406691, -0.03398007438232896, 0.2826642592922992]
[0.7829426571146058, 0.50492530852943, 0.37661239362143106],[0.9580454148044726, 0.010406719652984602, -0.035072422426566205, 0.2842720678211682]
[0.7839487255264952, 0.5039192401175405, 0.37537023683440995],[0.9575213564318067, 0.010796133100845557, -0.03616007188167666, 0.28588239660492176]
[0.7849492442194825, 0.5029187214245532, 0.3741191471204757],[0.9569922972375087, 0.011188368590918209, -0.03724298843275043, 0.2874952577851463]
[0.7859441735363331, 0.5019237921077027, 0.3728591740686653],[0.9564582266171956, 0.01158341180082031, -0.038321137577122896, 0.289110663452833]
[0.7869334740413565, 0.5009344916026792, 0.37159036762012143],[0.9559191338722717, 0.011981248169448101, -0.0393944846241873, 0.2907286256466376]
[0.7879171065219699, 0.4999508591220657, 0.3703127780661135],[0.9553750082100749, 0.012381862892515378, -0.04046299469524078, 0.2923491563511056]
[0.7888950319902521, 0.4989729336537836, 0.3690264560460437],[0.9548258387440393, 0.012785240918041233, -0.04152663272336343, 0.2939722674948583]
[0.7898672116844887, 0.498000753959547, 0.36773145254544054],[0.954271614493872, 0.0131913669417872, -0.042585363453334364, 0.29559797094874224]
[0.7908336070707086, 0.4970343585733271, 0.3664278188939374],[0.9537123243857463, 0.0136002254026426, -0.04363915144158242, 0.29722627852394395]
[0.7917941798442117, 0.496073785799824, 0.36511560676323784],[0.9531479572525106, 0.014011800477958237, -0.04468796105617542, 0.29885720197006116]
[0.792748891931087, 0.4951190737129487, 0.36379486816506834],[0.9525785018339142, 0.014426076078827718, -0.04573175647684585, 0.30049075297314204]
[0.7936977054897212, 0.49417026015431453, 0.362465655449116],[0.9520039467768509, 0.014843035845316129, -0.046770501695056005, 0.30212694315367883]
[0.7946405829122994, 0.4932273827317362, 0.36112802130095345],[0.951424280635618, 0.015262663141636393, -0.04780416051410321, 0.303765784064571]
[0.7955774868262955, 0.49229047881774024, 0.3597820187399513],[0.9508394918721961, 0.015684941051272293, -0.048832696549266405, 0.305407287189041]
[0.7965083800959527, 0.49135958554808296, 0.35842770111717626],[0.9502495688565453, 0.016109852372047928, -0.049856073227993236, 0.30705146393851523]
[0.7974332258237572, 0.49043473982027846, 0.357065122113276],[0.9496544998669223, 0.01653737961114422, -0.05087425379013227, 0.30869832565046396]
[0.7983519873518989, 0.4895159782921368, 0.35569433573635234],[0.949054273090214, 0.016967504980060753, -0.051887201288206605, 0.3103478835862014]
[0.7992646282637255, 0.4886033373803103, 0.3543153963198199],[0.9484488766222949, 0.017400210389524207, -0.0528948785877349, 0.3120001489286438]
[0.8001711123851851, 0.48769685325885054, 0.3529283585202525],[0.9478382984684026, 0.01783547744434211, -0.053897248367597, 0.31365513278002827]
[0.8010714037862613, 0.4867965618577744, 0.3515332773152173],[0.9472225265435343, 0.01827328743820245, -0.05489427312044788, 0.31531284615959093]
[0.8019654667823959, 0.4859024988616398, 0.35013020800109496],[0.946601548672866, 0.018713621348418086, -0.0558859151531786, 0.31697330000120133]
[0.8028532659359042, 0.4850146997081315, 0.3487192061908885],[0.9459753525921925, 0.019156459830616885, -0.056872136587428124, 0.3186365051509571]
[0.8037347660573794, 0.48413319958665635, 0.3473003278120186],[0.9453439259483915, 0.01960178321337667, -0.05785289936014516, 0.3203024723647366]
[0.8046099322070872, 0.4832580334369484, 0.34587362910410685],[0.9447072562999086, 0.020049571492804816, -0.05882816522420089, 0.3219712123057088]
[0.8054787296963514, 0.48238923594768435, 0.3444391666167468],[0.9440653311172683, 0.02049980432706332, -0.05979789574905717, 0.3236427355418002]
[0.8063411240889274, 0.4815268415551082, 0.3429969972072626],[0.9434181377836074, 0.020952461030837456, -0.06076205232148487, 0.3253170525431196]
[0.8071970812023692, 0.4806708844416665, 0.3415471780384546],[0.9427656635952337, 0.021407520569750333, -0.061720596146341726, 0.3269941736793403]
[0.8080465671093823, 0.47982139853465344, 0.34008976657633466],[0.94210789576221, 0.021864961554721115, -0.06267348824740356, 0.32867410921703905]
[0.8088895481391695, 0.4789784175048662, 0.33862482058784793],[0.9414448214089639, 0.022324762236268073, -0.06362068946825478, 0.33035686931698893]
[0.8097259908787656, 0.4781419747652701, 0.3371523981385827],[0.9407764275749236, 0.022786900498756577, -0.06456216047323804, 0.332042464031413]
[0.8105558621743612, 0.47731210346967456, 0.33567255759046977],[0.9401027012151807, 0.02325135385459087, -0.0654978617484625, 0.33373090330119043]
[0.811379129132617, 0.4764888365114187, 0.3341853575994685],[0.939423629201181, 0.02371809943835138, -0.06642775360287613, 0.33542219695301917]
[0.8121957591219681, 0.47567220652206765, 0.33269085711324203],[0.938739198321442, 0.024187114000875986, -0.06735179616939814, 0.3371163546965365]
[0.8130057197739164, 0.4748622458701192, 0.3311891153688212],[0.9380493952822999, 0.024658373903286505, -0.06826994940611743, 0.3388133861213919]
[0.8138089789843149, 0.4740589866597208, 0.32968019189025566],[0.937354206708686, 0.025131855110960277, -0.06918217309755653, 0.34051330069427727]
[0.8146055049146388, 0.47326246072939687, 0.3281641464862557],[0.9366536191449315, 0.02560753318744596, -0.0700884268559997, 0.3422161077559128]
[0.8153952659932484, 0.4724726996507873, 0.32664103924782084],[0.9359476190556042, 0.02608538328832567, -0.07098867012289287, 0.34392181651798404]
[0.8161782309166402, 0.47168973472739545, 0.32511093054585805],[0.9352361928263734, 0.026565380155021953, -0.07188286217030994, 0.3456304360600407]
[0.8169543686506878, 0.47091359699334784, 0.32357388102878937],[0.9345193267649099, 0.027047498108550522, -0.07277096210249158, 0.34734197532634215]
[0.8177236484318717, 0.47014431721216393, 0.3220299516201476],[0.9337970071018142, 0.02753171104321913, -0.07365292885745535, 0.3490564431226641]
[0.8184860397684991, 0.4693819258755366, 0.3204792035161612],[0.9330692199915794, 0.028017992420272753, -0.07452872120867991, 0.35077384811305734]
[0.8192415124419119, 0.4686264532021237, 0.3189216981833296],[0.9323359515135864, 0.02850631526148495, -0.07539829776686335, 0.3524941988165589]
[0.8199900365076851, 0.4678779291363505, 0.31735749735598595],[0.9315971876731332, 0.02899665214269693, -0.07626161698175908, 0.354217503603862]
[0.8207315822968134, 0.4671363833472223, 0.3157866630338506],[0.9308529144024976, 0.029488975187303552, -0.07711863714408888, 0.35594377069393623]
[0.8214661204168869, 0.4664018452271487, 0.3142092574795736],[0.9301031175620353, 0.029983256059686804, -0.07796931638753381, 0.35767300815060504]
[0.8221936217532567, 0.46567434389077894, 0.31262534321626706],[0.9293477829413127, 0.030479465958598618, -0.07881361269080865, 0.35940522387907564]
[0.8229140574701885, 0.4649539081738471, 0.3110349830250261],[0.9285868962602768, 0.030977575610491446, -0.0796514838798157, 0.3611404256224242]
[0.8236273990120058, 0.46424056663202995, 0.3094382399424416],[0.9278204431704595, 0.03147755526279854, -0.08048288762988286, 0.3628786209580348]
[0.8243336181042212, 0.4635343475398145, 0.3078351772581005],[0.9270484092562212, 0.03197937467716473, -0.08130778146808819, 0.3646198172939933]
[0.825032686754658, 0.46283527888937764, 0.3062258585120781],[0.9262707800360293, 0.03248300312262671, -0.08212612277566786, 0.36636402186543554]
[0.8257245772545591, 0.46214338838947666, 0.3046103474924193],[0.9254875409637777, 0.03298840936874557, -0.08293786879051529, 0.3681112417308487]
[0.8264092621796851, 0.4614587034643506, 0.30298870823260954],[0.9246986774301422, 0.03349556167869069, -0.08374297660976711, 0.3698614837683302]
[0.8270867143914022, 0.4607812512526334, 0.30136100500903795],[0.9239041747639769, 0.03400442780227656, -0.08454140319248137, 0.3716147546717984]
[0.827756907037757, 0.46011105860627877, 0.29972730233844885],[0.9231040182337491, 0.03451497496895294, -0.0853331053624073, 0.3733710609471591]
[0.8284198135545409, 0.4594481520894948, 0.2980876649753844],[0.9222981930490147, 0.03502716988074947, -0.08611803981084906, 0.3751304089084282]
[0.8290754076663437, 0.458792557977692, 0.2964421579096186],[0.9214866843619354, 0.03554097870517577, -0.0868961630996259, 0.37689280467380687]
[0.8297236633875943, 0.4581443022564414, 0.29479084636358094],[0.9206694772688347, 0.036056367068076974, -0.08766743166412652, 0.37865825416171556]
[0.8303645550235913, 0.4575034106204444, 0.29313379578977083],[0.9198465568117977, 0.03657330004644755, -0.08843180181646497, 0.3804267630867816]
[0.8309980571715209, 0.45686990847251485, 0.291471071868164],[0.9190179079803124, 0.037091742161201674, -0.08918922974873261, 0.38219833695578137]
[0.8316241447214638, 0.45624382092257176, 0.289802740503609],[0.918183515712953, 0.03761165736990455, -0.08993967153635488, 0.3839729810635418]
[0.8322427928573917, 0.455625172786644, 0.2881288678232141],[0.9173433648991076, 0.038133009059463256, -0.09068308314154883, 0.3857507004887959]
[0.8328539770581488, 0.45501398858588693, 0.28644952017372766],[0.9164974403807479, 0.038655760038778776, -0.09141942041688413, 0.3875315000899964]
[0.8334576730984254, 0.4544102925456103, 0.28476476411890705],[0.9156457269542445, 0.0391798725313617, -0.09214863910895194, 0.38931538450108477]
[0.8340538570497177, 0.45381410859431803, 0.2830746664368812],[0.9147882093722254, 0.03970530816791153, -0.09287069486213931, 0.39110235812722]
[0.8346425052812758, 0.4532254603627599, 0.2813792941175033],[0.9139248723454796, 0.04023202797886115, -0.09358554322251217, 0.3928924251404631]
[0.8352235944610409, 0.45264437118299483, 0.2796787143596954],[0.9130557005449061, 0.04075999238688883, -0.09429313964180928, 0.3946855894754224]
[0.8357971015565698, 0.4520708640874658, 0.2779729945687854],[0.9121806786035094, 0.041289161199397725, -0.09499343948154693, 0.39648185482485465]
[0.8363630038359481, 0.45150496180808763, 0.27626220235383503],[0.9112997911184385, 0.04181949360096554, -0.09568639801723669, 0.3982812246352269]
[0.8369212788686906, 0.450946686775345, 0.2745464055249597],[0.9104130226530752, 0.04235094814576557, -0.09637197044271756, 0.4000837021022399]
[0.8374719045266313, 0.4503960611174043, 0.27282567209064135],[0.9095203577391666, 0.04288348274996048, -0.09705011187460415, 0.40188929016630803]
[0.8380148589847997, 0.449853106659236, 0.2711000702550327],[0.9086217808790067, 0.04341705468407085, -0.09772077735685154, 0.40369799150800273]
[0.8385501207222862, 0.44931784492174953, 0.2693696684152532],[0.9077172765476625, 0.043951620565319885, -0.09838392186543835, 0.4055098085434577]
[0.839077668523095, 0.44879029712094076, 0.267634535158679],[0.9068068291952514, 0.044487136349956685, -0.09903950031317096, 0.407324743419734]
[0.8395974814769851, 0.4482704841670506, 0.2658947392602238],[0.9058904232492618, 0.04502355732555924, -0.09968746755460779, 0.4091427980101498]
[0.8401095389802994, 0.44775842666373633, 0.26415034967961254],[0.9049680431169266, 0.04556083810331944, -0.1003277783911063, 0.4109639739095737]
[0.8406138207367808, 0.4472541449072549, 0.262401435558649],[0.9040396731876399, 0.04609893261031232, -0.10096038757599464, 0.4127882724296803]
[0.8411103067583772, 0.44675765888565855, 0.26064806621847414],[0.9031052978354263, 0.04663779408175103, -0.10158524981986752, 0.41461569459417386]
[0.841598977366033, 0.4462689882780027, 0.25889031115681943],[0.9021649014214562, 0.04717737505322964, -0.10220231979600843, 0.4164462411339734]
[0.8420798131904701, 0.4457881524535656, 0.25712824004525175],[0.9012184682966102, 0.04771762735295695, -0.10281155214593984, 0.41827991248236956]
[0.8425527951729551, 0.44531517047108055, 0.25536192272641145],[0.9002659828040929, 0.04825850209398296, -0.10341290148510374, 0.42011670877014423]
[0.8430179045660547, 0.44485006107798086, 0.2535914292112448],[0.8993074292820938, 0.04879994966641903, -0.1040063224086684, 0.4219566298206616]
[0.8434751229343789, 0.44439284270965673, 0.2518168296762286],[0.8983427920665004, 0.04934191972965662, -0.10459176949747022, 0.4237996751449261]
[0.8439244321553117, 0.44394353348872406, 0.2500381944605883],[0.8973720554936543, 0.04988436120458514, -0.10516919732408521, 0.4256458439366134]
[0.8443658144197291, 0.44350215122430653, 0.2482555940635106],[0.8963952039031632, 0.05042722226581199, -0.1057385604590351, 0.42749513506706915]
[0.8447992522327059, 0.4430687134113298, 0.2464690991413489],[0.8954122216407552, 0.05097045033388805, -0.10629981347712797, 0.4293475470802827]
[0.845224728414208, 0.44264323722982757, 0.2446787805048222],[0.8944230930611848, 0.0515139920675396, -0.10685291096393244, 0.43120307818783293]
[0.8456422260997744, 0.44222573954426136, 0.24288470911620919],[0.8934278025311879, 0.052057793355911444, -0.10739780752239059, 0.4330617262638079]
[0.8460517287411845, 0.4418162369028512, 0.24108695608653521],[0.8924263344324829, 0.05260179931082283, -0.1079344577795672, 0.43492348883970056]
[0.8464532201071153, 0.4414147455369204, 0.23928559267275326],[0.8914186731648198, 0.05314595425903868, -0.10846281639353576, 0.43678836309928215]
[0.8468466842837837, 0.441021281360252, 0.23748069027492036],[0.8904048031490809, 0.0536902017345604, -0.10898283806040603, 0.4386563458734503]
[0.847232105675578, 0.4406358599684576, 0.23567232043336672],[0.8893847088304224, 0.05423448447093808, -0.10949447752148896, 0.4405274336350603]
[0.8476094690056757, 0.44025849663836003, 0.23386055482586077],[0.8883583746814694, 0.05477874439360783, -0.109997689570604, 0.4424016224937323]
[0.8479787593166488, 0.43988920632738693, 0.23204546526476783],[0.8873257852055536, 0.05532292261225684, -0.11049242906152608, 0.4442789081906429]
[0.8483399619710572, 0.4395280036729785, 0.23022712369420334],[0.8862869249399977, 0.05586695941322046, -0.11097865091557574, 0.44615928609329997]
[0.8486930626520285, 0.43917490299200723, 0.22840560218718203],[0.8852417784594485, 0.056410794251912595, -0.11145631012935021, 0.4480427511902979]
[0.8490380473638257, 0.43882991828021, 0.22658097294276053],[0.8841903303792501, 0.056954365745295624, -0.11192536178259915, 0.4499292980860638]
[0.8493749024324018, 0.4384930632116339, 0.2247533082831757],[0.8831325653588665, 0.057497611664390366, -0.11238576104624236, 0.4518189209955857]
[0.8497036145059418, 0.43816435113809393, 0.22292268065097842],[0.8820684681053456, 0.058040468926831394, -0.1128374631905316, 0.45371161373913266]
[0.8500241705553918, 0.4378437950886439, 0.22108916260616193],[0.8809980233768266, 0.05858287358947131, -0.11328042359335774, 0.45560736973696303]
[0.850336557874976, 0.43753140776905974, 0.21925282682328556],[0.8799212159860915, 0.05912476084103596, -0.11371459774870009, 0.4575061820040245]
[0.8506407640826994, 0.4372272015613363, 0.21741374608859465],[0.8788380308041558, 0.05966606499483664, -0.11413994127522256, 0.45940804314464767]
[0.8509367771208394, 0.43693118852319635, 0.2155719932971354],[0.8777484527639022, 0.06020671948154106, -0.11455640992501355, 0.4613129453472327]
[0.8512245852564233, 0.4366433803876124, 0.213727641449865],[0.8766524668637546, 0.06074665684200798, -0.11496395959247051, 0.46322088037893305]
[0.8515041770816933, 0.4363637885623423, 0.2118807636507592],[0.8755500581713879, 0.061285808720189405, -0.11536254632332991, 0.4651318395803378]
[0.8517755415145594, 0.43609242412947635, 0.21003143310391345],[0.8744412118274799, 0.06182410585610404, -0.1157521263238424, 0.46704581386015126]
[0.8520386677990373, 0.43582929784499846, 0.2081797231106424],[0.8733259130494968, 0.06236147807888559, -0.11613265597009098, 0.4689627936898744]
[0.8522935455056759, 0.4355744201383598, 0.20632570706657405],[0.8722041471355174, 0.06289785429991104, -0.11650409181745505, 0.4708827690984899]
[0.8525401645319706, 0.43532780111206515, 0.20446945845874015],[0.8710758994680884, 0.06343316250601282, -0.11686639061021842, 0.47280572966715034]
[0.8527785151027627, 0.435089450541273, 0.20261105086266434],[0.8699411555181157, 0.06396732975277832, -0.11721950929132084, 0.4747316645238727]
[0.8530085877706283, 0.43485937787340745, 0.2007505579394453],[0.8687999008487872, 0.06450028215794168, -0.11756340501225213, 0.4766605623382414]
[0.8532303734162515, 0.43463759222778414, 0.19888805343283678],[0.8676521211195246, 0.06503194489487255, -0.11789803514309007, 0.4785924113161206]
[0.853443863248787, 0.43442410239524865, 0.19702361116632539],[0.8664978020899661, 0.0655622421861652, -0.1182233572826796, 0.4805271991943772]
[0.8536490488062074, 0.4342189168378283, 0.1951573050402041],[0.8653369296239749, 0.06609109729733399, -0.11853932926895426, 0.48246491323561813]
[0.8538459219556394, 0.4340220436883963, 0.1932892090286427],[0.8641694896936757, 0.06661843253061779, -0.11884590918939668, 0.48440554022294313]
[0.8540344748936859, 0.4338334907503498, 0.19141939717675646],[0.8629954683835132, 0.06714416921889951, -0.11914305539163997, 0.4863490664547112]
[0.8542147001467353, 0.43365326549730043, 0.18954794359767088],[0.8618148518943344, 0.06766822771974518, -0.11943072649420734, 0.48829547773933046]
[0.8543865905712578, 0.43348137507277795, 0.18767492246958364],[0.860627626547491, 0.06819052740956615, -0.11970888139738833, 0.4902447593900656]
[0.8545501393540883, 0.4333178262899474, 0.18580040803282544],[0.8594337787889618, 0.0687109866779107, -0.11997747929425316, 0.49219689621986734]
[0.8547053400126969, 0.4331626256313388, 0.18392447458691616],[0.8582332951934893, 0.06922952292188864, -0.12023647968180011, 0.4941518725362282]
[0.8548521863954456, 0.43301577924859014, 0.18204719648762094],[0.8570261624687343, 0.0697460525407344, -0.1204858423722379, 0.4961096721360631]
[0.8549906726818318, 0.4328772929622039, 0.1801686481440025],[0.8558123674594407, 0.07026049093051324, -0.12072552750439935, 0.498070278300618]
[0.8551207933827196, 0.4327471722613161, 0.1782889040154714],[0.854591897151612, 0.0707727524789753, -0.12095549555528551, 0.5000336737904094]
[0.855242543340557, 0.43262542230347867, 0.17640803860883558],[0.8533647386766958, 0.0712827505605635, -0.12117570735173978, 0.5019998408401946]
[0.8553559177295804, 0.4325120479144552, 0.17452612647534665],[0.8521308793157742, 0.07179039753157843, -0.1213861240822473, 0.5039687611539754]
[0.8554609120560062, 0.43240705358802956, 0.17264324220774468],[0.8508903065037575, 0.0722956047255073, -0.121586707308861, 0.5059404159000387]
[0.855557522158208, 0.43231044348582764, 0.17075946043730225],[0.84964300783358, 0.07279828244851987, -0.12177741897924885, 0.5079147857060327]
[0.8556457442068828, 0.4322222214371529, 0.16887485583086595],[0.8483889710603926, 0.07329833997513929, -0.12195822143886477, 0.5098918506540835]
[0.8557255747052018, 0.43214239093883383, 0.1669895030878965],[0.8471281841057524, 0.07379568554408962, -0.1221290774432352, 0.5118715902759525]
[0.8557970104889496, 0.4320709551550861, 0.16510347693750863],[0.8458606350618065, 0.07429022635432794, -0.12228995017036498, 0.513853983548235]
[0.855860048726649, 0.4320079169173867, 0.16321685213550874],[0.844586312195464, 0.07478186856126458, -0.12244080323325447, 0.5158390088876059]
[0.8559146869196739, 0.4319532787243618, 0.16132970346143133],[0.8433052039525564, 0.0752705172731778, -0.12258160069253048, 0.5178266441461107]
[0.855960922902348, 0.4319070427416876, 0.15944210571557602],[0.8420172989619842, 0.07575607654782673, -0.12271230706918428, 0.5198168666065028]
[0.8559987548420308, 0.4318692108020049, 0.15755413371604166],[0.8407225860398436, 0.07623844938926932, -0.12283288735741658, 0.521809652977633]
[0.8560281812391899, 0.43183978440484583, 0.15566586229576154],[0.8394210541935321, 0.07671753774488951, -0.12294330703758528, 0.5238049793898898]
[0.8560492009274606, 0.4318187647165751, 0.15377736629953712],[0.8381126926258302, 0.07719324250263856, -0.12304353208925278, 0.5258028213906907]
[0.8560618130736926, 0.43180615257034316, 0.15188872058107084],[0.8367974907389546, 0.07766546348849784, -0.12313352900433207, 0.5278031539400321]
[0.8560660171779821, 0.4318019484660536, 0.15000000000000002],[0.8354754381385818, 0.07813409946416494, -0.12321326480032481, 0.5298059514060912]
