0.0,[array([0.42884584, 0.85035677, 0.15179892]), array([ 0.92132797,  0.09471804,  0.30777705, -0.21784524])]
0.02004008016032064,[array([0.4290636 , 0.85078588, 0.15352749]), array([ 0.91652311,  0.0962277 ,  0.32191631, -0.21701499])]
0.04008016032064128,[array([0.42920929, 0.85103686, 0.15531603]), array([ 0.91391329,  0.09698671,  0.32966836, -0.21604363])]
0.06012024048096192,[array([0.42928178, 0.85111586, 0.15716332]), array([ 0.91390226,  0.09659949,  0.33027071, -0.21534265])]
0.08016032064128256,[array([0.42936251, 0.85118637, 0.15901092]), array([ 0.91389051,  0.0962068 ,  0.33087196, -0.21464419])]
0.1002004008016032,[array([0.42945148, 0.85124839, 0.16085876]), array([ 0.91387803,  0.09580868,  0.33147212, -0.21394829])]
0.12024048096192384,[array([0.42954869, 0.8513019 , 0.16270677]), array([ 0.91386482,  0.09540512,  0.33207117, -0.21325499])]
0.1402805611222445,[array([0.42965412, 0.85134691, 0.16455486]), array([ 0.91385087,  0.09499615,  0.3326691 , -0.21256432])]
0.16032064128256512,[array([0.4289496 , 0.84988883, 0.16724877]), array([ 0.91372178,  0.09490713,  0.33309104, -0.21249827])]
0.18036072144288576,[array([0.42908883, 0.84995161, 0.16907865]), array([ 0.91370957,  0.09447943,  0.33369254, -0.21179646])]
0.2004008016032064,[array([0.42923614, 0.85000586, 0.17090858]), array([ 0.91369658,  0.09404643,  0.33429285, -0.21109742])]
0.22044088176352705,[array([0.42939154, 0.85005157, 0.17273848]), array([ 0.91368278,  0.09360814,  0.33489197, -0.21040119])]
0.24048096192384769,[array([0.42955503, 0.85008873, 0.17456827]), array([ 0.91366818,  0.09316456,  0.33548988, -0.20970779])]
0.2605210420841683,[array([0.4297266 , 0.85011733, 0.17639788]), array([ 0.91365277,  0.09271573,  0.33608658, -0.20901727])]
0.280561122244489,[array([0.42990624, 0.85013738, 0.17822723]), array([ 0.91363655,  0.09226164,  0.33668204, -0.20832966])]
0.3006012024048096,[array([0.43009396, 0.85014887, 0.18005625]), array([ 0.91361951,  0.09180232,  0.33727626, -0.20764501])]
0.32064128256513025,[array([0.43028975, 0.85015178, 0.18188487]), array([ 0.91360164,  0.09133779,  0.33786924, -0.20696335])]
0.3406813627254509,[array([0.43049361, 0.85014613, 0.18371299]), array([ 0.91358295,  0.09086804,  0.33846095, -0.20628471])]
0.3607214428857715,[array([0.43070552, 0.8501319 , 0.18554056]), array([ 0.91356343,  0.09039311,  0.33905138, -0.20560913])]
0.3807615230460922,[array([0.43092549, 0.8501091 , 0.18736749]), array([ 0.91354306,  0.089913  ,  0.33964053, -0.20493666])]
0.4008016032064128,[array([0.43115351, 0.85007771, 0.18919371]), array([ 0.91352186,  0.08942773,  0.34022838, -0.20426732])]
0.42084168336673344,[array([0.43138957, 0.85003774, 0.19101914]), array([ 0.91349981,  0.08893731,  0.34081492, -0.20360116])]
0.4408817635270541,[array([0.43163367, 0.84998918, 0.19284371]), array([ 0.91347692,  0.08844177,  0.34140014, -0.20293821])]
0.4609218436873747,[array([0.43188579, 0.84993204, 0.19466734]), array([ 0.91345317,  0.08794112,  0.34198403, -0.20227851])]
0.48096192384769537,[array([0.43214594, 0.8498663 , 0.19648995]), array([ 0.91342856,  0.08743537,  0.34256658, -0.20162209])]
0.501002004008016,[array([0.4324141 , 0.84979198, 0.19831147]), array([ 0.91340309,  0.08692454,  0.34314777, -0.20096899])]
0.5210420841683366,[array([0.43269026, 0.84970906, 0.20013182]), array([ 0.91337675,  0.08640864,  0.34372759, -0.20031925])]
0.5410821643286573,[array([0.43297442, 0.84961755, 0.20195093]), array([ 0.91334954,  0.0858877 ,  0.34430604, -0.1996729 ])]
0.561122244488978,[array([0.43257644, 0.84859849, 0.20527062]), array([ 0.91323457,  0.0854465 ,  0.34509446, -0.19902595])]
0.5811623246492986,[array([0.43289092, 0.8485345 , 0.2070538 ]), array([ 0.91320851,  0.08491219,  0.34567223, -0.1983705 ])]
0.6012024048096192,[array([0.43321305, 0.84846196, 0.2088357 ]), array([ 0.91318152,  0.0843731 ,  0.34624855, -0.19771857])]
0.6212424849699398,[array([0.43354282, 0.84838086, 0.21061624]), array([ 0.91315361,  0.08382923,  0.34682341, -0.1970702 ])]
0.6412825651302605,[array([0.43388022, 0.8482912 , 0.21239536]), array([ 0.91312478,  0.08328061,  0.3473968 , -0.19642542])]
0.6613226452905812,[array([0.43422523, 0.84819299, 0.21417298]), array([ 0.91309501,  0.08272725,  0.3479687 , -0.19578428])]
0.6813627254509018,[array([0.43457786, 0.84808622, 0.21594901]), array([ 0.91306431,  0.08216918,  0.34853911, -0.19514681])]
0.7014028056112224,[array([0.43493808, 0.84797089, 0.21772338]), array([ 0.91303268,  0.08160641,  0.34910801, -0.19451305])]
0.721442885771543,[array([0.43530588, 0.847847  , 0.21949602]), array([ 0.9130001 ,  0.08103897,  0.34967538, -0.19388302])]
0.7414829659318637,[array([0.43568125, 0.84771457, 0.22126684]), array([ 0.91296658,  0.08046686,  0.35024123, -0.19325677])]
0.7615230460921844,[array([0.43606418, 0.84757358, 0.22303578]), array([ 0.91293212,  0.07989012,  0.35080553, -0.19263434])]
0.781563126252505,[array([0.43645466, 0.84742404, 0.22480276]), array([ 0.91289671,  0.07930877,  0.35136827, -0.19201575])]
0.8016032064128256,[array([0.43685267, 0.84726596, 0.22656769]), array([ 0.91286035,  0.07872281,  0.35192945, -0.19140104])]
0.8216432865731462,[array([0.43725819, 0.84709933, 0.22833051]), array([ 0.91282304,  0.07813227,  0.35248905, -0.19079025])]
0.8416833667334669,[array([0.43767122, 0.84692416, 0.23009114]), array([ 0.91278477,  0.07753718,  0.35304705, -0.19018342])]
0.8617234468937875,[array([0.43809174, 0.84674046, 0.23184949]), array([ 0.91274554,  0.07693756,  0.35360345, -0.18958057])]
0.8817635270541082,[array([0.43851973, 0.84654823, 0.23360551]), array([ 0.91270535,  0.07633341,  0.35415824, -0.18898174])]
0.9018036072144289,[array([0.43895518, 0.84634746, 0.2353591 ]), array([ 0.9126642 ,  0.07572478,  0.35471139, -0.18838697])]
0.9218436873747494,[array([0.43939807, 0.84613818, 0.23711019]), array([ 0.91262208,  0.07511167,  0.35526291, -0.18779629])]
0.9418837675350701,[array([0.43984839, 0.84592038, 0.23885871]), array([ 0.91257899,  0.0744941 ,  0.35581277, -0.18720974])]
0.9619238476953907,[array([0.44030612, 0.84569407, 0.24060458]), array([ 0.91253493,  0.07387211,  0.35636097, -0.18662734])]
0.9819639278557114,[array([0.44077124, 0.84545926, 0.24234772]), array([ 0.9124899 ,  0.07324571,  0.35690749, -0.18604915])]
1.002004008016032,[array([0.44124374, 0.84521595, 0.24408806]), array([ 0.9124439 ,  0.07261493,  0.35745232, -0.18547517])]
1.0220440881763526,[array([0.4417236 , 0.84496415, 0.24582553]), array([ 0.91239692,  0.07197978,  0.35799545, -0.18490546])]
1.0420841683366733,[array([0.44221079, 0.84470387, 0.24756004]), array([ 0.91234896,  0.07134029,  0.35853686, -0.18434004])]
1.062124248496994,[array([0.44270531, 0.84443511, 0.24929152]), array([ 0.91230002,  0.07069649,  0.35907655, -0.18377896])]
1.0821643286573146,[array([0.44320713, 0.84415789, 0.2510199 ]), array([ 0.9122501 ,  0.07004839,  0.3596145 , -0.18322223])]
1.1022044088176353,[array([0.44371624, 0.84387221, 0.2527451 ]), array([ 0.9121992 ,  0.06939601,  0.36015069, -0.1826699 ])]
1.122244488977956,[array([0.4442326 , 0.84357809, 0.25446704]), array([ 0.91214731,  0.06873939,  0.36068512, -0.18212199])]
1.1422845691382766,[array([0.44475622, 0.84327552, 0.25618565]), array([ 0.91209444,  0.06807855,  0.36121777, -0.18157854])]
1.1623246492985972,[array([0.44528705, 0.84296453, 0.25790086]), array([ 0.91204058,  0.0674135 ,  0.36174863, -0.18103959])]
1.1823647294589177,[array([0.44582509, 0.84264512, 0.25961258]), array([ 0.91198573,  0.06674428,  0.36227769, -0.18050516])]
1.2024048096192383,[array([0.44637031, 0.8423173 , 0.26132075]), array([ 0.91192988,  0.06607091,  0.36280493, -0.17997528])]
1.222444889779559,[array([0.4469227 , 0.84198109, 0.26302528]), array([ 0.91187305,  0.0653934 ,  0.36333034, -0.17945   ])]
1.2424849699398797,[array([0.44748222, 0.84163649, 0.26472611]), array([ 0.91181523,  0.0647118 ,  0.36385391, -0.17892933])]
1.2625250501002003,[array([0.44804886, 0.84128352, 0.26642316]), array([ 0.91175641,  0.06402611,  0.36437562, -0.17841332])]
1.282565130260521,[array([0.4486226 , 0.84092219, 0.26811635]), array([ 0.9116966 ,  0.06333638,  0.36489546, -0.17790199])]
1.3026052104208417,[array([0.4492034 , 0.84055251, 0.26980561]), array([ 0.91163579,  0.06264261,  0.36541342, -0.17739537])]
1.3226452905811623,[array([0.44979126, 0.8401745 , 0.27149086]), array([ 0.91157399,  0.06194484,  0.36592948, -0.1768935 ])]
1.342685370741483,[array([0.45038614, 0.83978817, 0.27317203]), array([ 0.91151119,  0.0612431 ,  0.36644364, -0.17639641])]
1.3627254509018036,[array([0.45098802, 0.83939353, 0.27484905]), array([ 0.91144739,  0.0605374 ,  0.36695587, -0.17590412])]
1.3827655310621243,[array([0.45159688, 0.8389906 , 0.27652185]), array([ 0.9113826 ,  0.05982778,  0.36746616, -0.17541667])]
1.4028056112224447,[array([0.45221269, 0.83857939, 0.27819034]), array([ 0.91131681,  0.05911426,  0.36797451, -0.17493409])]
1.4228456913827654,[array([0.45283543, 0.83815992, 0.27985445]), array([ 0.91125002,  0.05839687,  0.36848089, -0.1744564 ])]
1.442885771543086,[array([0.45346507, 0.83773221, 0.28151412]), array([ 0.91118224,  0.05767564,  0.36898529, -0.17398364])]
1.4629258517034067,[array([0.45410159, 0.83729626, 0.28316926]), array([ 0.91111345,  0.05695058,  0.3694877 , -0.17351584])]
1.4829659318637274,[array([0.45474496, 0.8368521 , 0.28481981]), array([ 0.91104367,  0.05622174,  0.3699881 , -0.17305302])]
1.503006012024048,[array([0.45539515, 0.83639974, 0.28646569]), array([ 0.91097289,  0.05548913,  0.37048649, -0.17259521])]
1.5230460921843687,[array([0.45605214, 0.83593921, 0.28810682]), array([ 0.91090111,  0.05475278,  0.37098284, -0.17214245])]
1.5430861723446894,[array([0.4567159 , 0.83547051, 0.28974314]), array([ 0.91082834,  0.05401273,  0.37147714, -0.17169476])]
1.56312625250501,[array([0.4573864 , 0.83499366, 0.29137458]), array([ 0.91075457,  0.05326899,  0.37196938, -0.17125218])]
1.5831663326653307,[array([0.45806362, 0.83450869, 0.29300105]), array([ 0.9106798 ,  0.05252161,  0.37245955, -0.17081472])]
1.6032064128256511,[array([0.45874752, 0.83401562, 0.29462249]), array([ 0.91060404,  0.0517706 ,  0.37294762, -0.17038241])]
1.6232464929859718,[array([0.45943809, 0.83351445, 0.29623883]), array([ 0.91052728,  0.05101599,  0.37343359, -0.16995529])]
1.6432865731462925,[array([0.46013528, 0.83300522, 0.29784999]), array([ 0.91044952,  0.05025782,  0.37391744, -0.16953339])]
1.6633266533066131,[array([0.46083908, 0.83248794, 0.2994559 ]), array([ 0.91037078,  0.04949611,  0.37439915, -0.16911672])]
1.6833667334669338,[array([0.46154945, 0.83196263, 0.30105649]), array([ 0.91029104,  0.04873089,  0.37487871, -0.16870531])]
1.7034068136272544,[array([0.46226635, 0.83142931, 0.30265169]), array([ 0.9102103 ,  0.0479622 ,  0.37535611, -0.1682992 ])]
1.723446893787575,[array([0.46298977, 0.83088801, 0.30424143]), array([ 0.91012858,  0.04719005,  0.37583133, -0.16789841])]
1.7434869739478958,[array([0.46371968, 0.83033874, 0.30582563]), array([ 0.91004587,  0.04641449,  0.37630435, -0.16750296])]
1.7635270541082164,[array([0.46445603, 0.82978153, 0.30740423]), array([ 0.90996217,  0.04563553,  0.37677517, -0.16711288])]
1.783567134268537,[array([0.4651988 , 0.8292164 , 0.30897716]), array([ 0.90987749,  0.04485322,  0.37724375, -0.1667282 ])]
1.8036072144288577,[array([0.46595007, 0.82864936, 0.31055314]), array([ 0.90998108,  0.04403648,  0.37724877, -0.16636882])]
1.8236472945891782,[array([0.46669642, 0.82805527, 0.31213331]), array([ 0.91026809,  0.04318259,  0.37681883, -0.16599649])]
1.8436873747494988,[array([0.46744338, 0.82744314, 0.31371139]), array([ 0.91062139,  0.04231449,  0.37623075, -0.16561579])]
1.8637274549098195,[array([0.46819619, 0.82682207, 0.31528345]), array([ 0.91097218,  0.04144583,  0.37564518, -0.16523509])]
1.8837675350701402,[array([0.46941111, 0.82416538, 0.31707143]), array([ 0.9112766 ,  0.04024612,  0.37475201, -0.1658799 ])]
1.9038076152304608,[array([0.47018642, 0.82348817, 0.31863699]), array([ 0.91165537,  0.03936015,  0.37408267, -0.16552167])]
1.9238476953907815,[array([0.47096581, 0.82279906, 0.32019757]), array([ 0.91213052,  0.03846089,  0.373177  , -0.16515931])]
1.9438877755511021,[array([0.47175102, 0.82210114, 0.32175208]), array([ 0.91263165,  0.03755673,  0.37220244, -0.16479774])]
1.9639278557114228,[array([0.47254055, 0.82139189, 0.32330132]), array([ 0.91321793,  0.03664054,  0.37101503, -0.16443335])]
1.9839679358717435,[array([0.47333428, 0.82067114, 0.32484522]), array([ 0.91389042,  0.03571352,  0.36961059, -0.16406358])]
2.004008016032064,[array([0.47413302, 0.81994016, 0.32638324]), array([ 0.91461642,  0.03478174,  0.36806738, -0.16368703])]
2.024048096192385,[array([0.47493641, 0.81919839, 0.32791549]), array([ 0.91540845,  0.03384456,  0.36635282, -0.16330193])]
2.0440881763527052,[array([0.47575252, 0.81845979, 0.32943762]), array([ 0.91597624,  0.03293845,  0.36517836, -0.1629336 ])]
2.064128256513026,[array([0.47656909, 0.81770332, 0.33095608]), array([ 0.91676016,  0.0320086 ,  0.36346367, -0.1625436 ])]
2.0841683366733466,[array([0.47739221, 0.81693951, 0.33246754]), array([ 0.91753999,  0.03108313,  0.36174783, -0.16215028])]
2.1042084168336674,[array([0.47822784, 0.81617906, 0.33396873]), array([ 0.91809918,  0.03018435,  0.36056945, -0.16177906])]
2.124248496993988,[array([0.47905971, 0.81539312, 0.33546831]), array([ 0.91902709,  0.02925101,  0.35846298, -0.16136254])]
2.1442885771543083,[array([0.47990223, 0.81460742, 0.33695843]), array([ 0.9197973 ,  0.02833808,  0.35673773, -0.16095986])]
2.164328657314629,[array([0.48075908, 0.81382897, 0.33843706]), array([ 0.92027647,  0.02745359,  0.35573411, -0.16059503])]
2.1843687374749496,[array([0.48161443, 0.81302904, 0.3399126 ]), array([ 0.92103771,  0.0265478 ,  0.35401192, -0.16018835])]
2.2044088176352705,[array([0.48247616, 0.81222199, 0.34138076]), array([ 0.92179457,  0.02564648,  0.35228947, -0.15977849])]
2.224448897795591,[array([0.48334626, 0.81141143, 0.3428405 ]), array([ 0.92248289,  0.02475724,  0.35073117, -0.15937389])]
2.244488977955912,[array([0.48422066, 0.81059029, 0.34429371]), array([ 0.92323153,  0.023865  ,  0.34900775, -0.15895785])]
2.2645290581162323,[array([0.48510127, 0.80976204, 0.34573937]), array([ 0.92397777,  0.02297703,  0.34727897, -0.1585385 ])]
2.284569138276553,[array([0.48598812, 0.80892679, 0.34717742]), array([ 0.9247202 ,  0.02209357,  0.34554852, -0.15811591])]
2.3046092184368736,[array([0.48688117, 0.80808457, 0.34860777]), array([ 0.92545868,  0.02121466,  0.34381682, -0.15769009])]
2.3246492985971945,[array([0.48778039, 0.80723545, 0.35003038]), array([ 0.92619318,  0.02034033,  0.34208395, -0.15726105])]
2.344689378757515,[array([0.48868575, 0.80637944, 0.35144518]), array([ 0.92692372,  0.01947057,  0.34034989, -0.15682878])]
2.3647294589178354,[array([0.48959722, 0.80551662, 0.3528521 ]), array([ 0.92764933,  0.01860521,  0.33861719, -0.15639361])]
2.3847695390781563,[array([0.49051476, 0.804647  , 0.35425108]), array([ 0.92837061,  0.01774435,  0.33688437, -0.15595534])]
2.4048096192384767,[array([0.49143853, 0.80377047, 0.35564218]), array([ 0.92909801,  0.01689449,  0.33512596, -0.15550583])]
2.4248496993987976,[array([0.49236799, 0.80288704, 0.35702522]), array([ 0.92981849,  0.01604366,  0.33337204, -0.15505888])]
2.444889779559118,[array([0.49330332, 0.80199673, 0.35840022]), array([ 0.9305387 ,  0.01519746,  0.33160697, -0.15460783])]
2.464929859719439,[array([0.49424447, 0.80109952, 0.35976711]), array([ 0.93125954,  0.01435613,  0.32982826, -0.15415215])]
2.4849699398797593,[array([0.49518541, 0.80018111, 0.36112964]), array([ 0.93224974,  0.01354071,  0.32731235, -0.15360243])]
2.50501002004008,[array([0.49612321, 0.79923987, 0.36248417]), array([ 0.93325711,  0.01272839,  0.32475725, -0.15297671])]
2.5250501002004007,[array([0.4970865 , 0.79833148, 0.36382713]), array([ 0.93401667,  0.01188794,  0.32279551, -0.15256013])]
2.5450901803607215,[array([0.4980488 , 0.79740247, 0.36516207]), array([ 0.93481331,  0.01107619,  0.32075171, -0.15205173])]
2.565130260521042,[array([0.49901657, 0.79646614, 0.3664887 ]), array([ 0.93561695,  0.01027261,  0.31867438, -0.1515323 ])]
2.5851703406813624,[array([0.49998995, 0.79552291, 0.36780691]), array([ 0.93642341,  0.00947662,  0.31657411, -0.15100408])]
2.6052104208416833,[array([0.50096889, 0.79457281, 0.36911665]), array([ 0.93723304,  0.00868838,  0.31444953, -0.1504667 ])]
2.6252505010020037,[array([0.50195072, 0.79360849, 0.37041961]), array([ 0.93817306,  0.00792956,  0.31194472, -0.14986301])]
2.6452905811623246,[array([0.50292128, 0.79261326, 0.37171256]), array([ 0.93902059,  0.00712963,  0.30970823, -0.14923238])]
2.665330661322645,[array([0.50393354, 0.79166999, 0.3729968 ]), array([ 0.93984332,  0.00638179,  0.30746309, -0.14872877])]
2.685370741482966,[array([0.50493576, 0.79069626, 0.37427123]), array([ 0.94060565,  0.00561685,  0.30540638, -0.14817692])]
2.7054108216432864,[array([0.50594076, 0.78970873, 0.37553848]), array([ 0.94148431,  0.00487971,  0.30300083, -0.14756009])]
2.7254509018036073,[array([0.5069526 , 0.78871828, 0.37679608]), array([ 0.94230674,  0.00414372,  0.30073895, -0.14695893])]
2.7454909819639277,[array([0.50796985, 0.7877213 , 0.37804479]), array([ 0.9431306 ,  0.00341706,  0.29845535, -0.14634684])]
2.7655310621242486,[array([0.5089572 , 0.78664015, 0.37929375]), array([ 0.94464541,  0.0028404 ,  0.29415772, -0.1452867 ])]
2.785571142284569,[array([0.510007  , 0.78566943, 0.38052347]), array([ 0.94536885,  0.00211032,  0.29208587, -0.14477266])]
2.8056112224448895,[array([0.51104114, 0.78465479, 0.38174473]), array([ 0.94616689,  0.00141367,  0.2898148 , -0.14413051])]
2.8256513026052104,[array([0.51208065, 0.78363416, 0.38295679]), array([ 9.46959209e-01,  7.25186167e-04,  2.87543379e-01, -1.43480087e-01])]
2.845691382765531,[array([0.51312551, 0.78260764, 0.38415959]), array([ 9.47746401e-01,  4.48313344e-05,  2.85269748e-01, -1.42821317e-01])]
2.8657314629258517,[array([0.51417303, 0.7815668 , 0.38535483]), array([ 9.48654290e-01, -5.95296921e-04,  2.82610318e-01, -1.42077769e-01])]
2.885771543086172,[array([0.51522853, 0.78052851, 0.38653899]), array([ 0.94943235, -0.00125753,  0.28032635, -0.14139935])]
2.905811623246493,[array([0.51628971, 0.77948511, 0.38771366]), array([ 0.95020017, -0.00190943,  0.27805693, -0.14071368])]
2.9258517034068134,[array([0.51735563, 0.77843522, 0.388879  ]), array([ 0.95096981, -0.00255482,  0.27576294, -0.14001679])]
2.9458917835671343,[array([0.51842677, 0.77737977, 0.39003482]), array([ 0.95173313, -0.00319212,  0.27347046, -0.13931176])]
2.9659318637274548,[array([0.51949854, 0.77630278, 0.39118411]), array([ 0.95271626, -0.00374884,  0.27046751, -0.13843771])]
2.9859719438877756,[array([0.52057787, 0.7752284 , 0.39232218]), array([ 0.95357562, -0.00433079,  0.26782875, -0.13763187])]
3.006012024048096,[array([0.52166339, 0.77415228, 0.39344989]), array([ 0.95437622, -0.00492045,  0.26535439, -0.13685343])]
3.0260521042084165,[array([0.5227529 , 0.773066  , 0.39456873]), array([ 0.95523697, -0.00547405,  0.26266588, -0.13601104])]
3.0460921843687374,[array([0.52384642, 0.77197062, 0.39567844]), array([ 0.95613849, -0.00600073,  0.25981934, -0.1351188 ])]
3.066132264529058,[array([0.52494542, 0.77087127, 0.39677802]), array([ 0.95701187, -0.00652239,  0.25703891, -0.13422641])]
3.0861723446893787,[array([0.52605003, 0.76976909, 0.39786732]), array([ 0.95784558, -0.00704665,  0.25436217, -0.13334944])]
3.106212424849699,[array([0.52715878, 0.76865802, 0.39894729]), array([ 0.95871892, -0.00753937,  0.25152923, -0.13241691])]
3.12625250501002,[array([0.52827414, 0.76754902, 0.40001608]), array([ 0.9594906 , -0.00806284,  0.24900946, -0.1315563 ])]
3.1462925851703405,[array([0.52939427, 0.7664345 , 0.40107495]), array([ 0.96026071, -0.00857452,  0.24647231, -0.13067993])]
3.1663326653306614,[array([0.53051653, 0.76529887, 0.40212641]), array([ 0.96123741, -0.00896392,  0.24320929, -0.12958213])]
3.186372745490982,[array([0.53164408, 0.76415679, 0.40316771]), array([ 0.96221562, -0.00930291,  0.2399149 , -0.12843444])]
3.2064128256513023,[array([0.53277652, 0.76302834, 0.40419615]), array([ 0.96292795, -0.00985159,  0.23747911, -0.12757897])]
3.226452905811623,[array([0.53391434, 0.76188678, 0.40521558]), array([ 0.96375186, -0.01027762,  0.23464636, -0.1265615 ])]
3.2464929859719436,[array([0.53505689, 0.76073999, 0.40622479]), array([ 0.96457183, -0.0106878 ,  0.23179948, -0.12552274])]
3.2665330661322645,[array([0.53620459, 0.75958893, 0.40722363]), array([ 0.96537989, -0.01108329,  0.22896738, -0.12446991])]
3.286573146292585,[array([0.53735355, 0.75841804, 0.40821391]), array([ 0.96633643, -0.0113716 ,  0.22557327, -0.12321236])]
3.306613226452906,[array([0.53850432, 0.75727881, 0.40918569]), array([ 0.96667241, -0.01205019,  0.22441915, -0.12261847])]
3.3266533066132262,[array([0.53967686, 0.75613273, 0.41015437]), array([ 0.96743089, -0.01243678,  0.22165237, -0.1216266 ])]
3.346693386773547,[array([0.54084247, 0.75496393, 0.4111116 ]), array([ 0.96819401, -0.01280644,  0.21887496, -0.12054087])]
3.3667334669338675,[array([0.54201228, 0.75378959, 0.41205844]), array([ 0.96895809, -0.01315888,  0.21606472, -0.11942824])]
3.3867735470941884,[array([0.54318645, 0.75261037, 0.41299479]), array([ 0.96971755, -0.01349728,  0.21324147, -0.11829528])]
3.406813627254509,[array([0.54433173, 0.75133664, 0.4139243 ]), array([ 0.97103354, -0.01342532,  0.20832072, -0.11625879])]
3.4268537074148293,[array([0.54554238, 0.75019019, 0.41484208]), array([ 0.97175024, -0.01373297,  0.20551151, -0.11522976])]
3.44689378757515,[array([0.54672979, 0.74899705, 0.41574664]), array([ 0.97248679, -0.01402364,  0.20265932, -0.11402622])]
3.4669338677354706,[array([0.54792133, 0.74779941, 0.41664053]), array([ 0.97321521, -0.01430279,  0.19980622, -0.11280542])]
3.4869739478957915,[array([0.54911816, 0.74660986, 0.41752219]), array([ 0.97380283, -0.01468088,  0.19748356, -0.11177104])]
3.507014028056112,[array([0.55031784, 0.74540352, 0.41839467]), array([ 0.97451694, -0.01493855,  0.19462588, -0.11051852])]
3.527054108216433,[array([0.55152251, 0.74420153, 0.41925535]), array([ 0.97513512, -0.01525876,  0.19212689, -0.10938885])]
3.5470941883767533,[array([0.55273017, 0.74298597, 0.42010636]), array([ 0.9758425 , -0.01548635,  0.18923051, -0.10808979])]
3.567134268537074,[array([0.55394208, 0.74177096, 0.42094598]), array([ 0.97649294, -0.01574747,  0.18653575, -0.10685486])]
3.5871743486973946,[array([0.5551576 , 0.74054829, 0.42177512]), array([ 0.97717154, -0.01596431,  0.18368974, -0.10554146])]
3.6072144288577155,[array([0.55637764, 0.73933347, 0.42259208]), array([ 0.97772358, -0.01628622,  0.18134781, -0.10442379])]
3.627254509018036,[array([0.55760132, 0.73811464, 0.42339815]), array([ 0.97827009, -0.01660019,  0.17900375, -0.10329431])]
3.6472945891783564,[array([0.55882856, 0.7368878 , 0.42419367]), array([ 0.97885106, -0.01686277,  0.17648481, -0.10207526])]
3.6673346693386772,[array([0.56005924, 0.73565707, 0.42497825]), array([ 0.97942457, -0.0171194 ,  0.17396711, -0.10084587])]
3.6873747494989977,[array([0.56129347, 0.73442189, 0.42575191]), array([ 0.97999766, -0.01736043,  0.17141993, -0.09959118])]
3.7074148296593186,[array([0.5625312 , 0.73318272, 0.42651456]), array([ 0.98056586, -0.01759019,  0.16886282, -0.09831847])]
3.727454909819639,[array([0.56377239, 0.73193953, 0.42726617]), array([ 0.98112977, -0.01780772,  0.16629256, -0.09702598])]
3.74749498997996,[array([0.56501698, 0.73069211, 0.42800674]), array([ 0.98169177, -0.01800988,  0.16369756, -0.09570802])]
3.7675350701402803,[array([0.56626572, 0.72943452, 0.42873662]), array([ 0.98230942, -0.01811371,  0.16081434, -0.09422762])]
3.787575150300601,[array([0.56751454, 0.72820474, 0.42945182]), array([ 0.98259922, -0.01861263,  0.15944491, -0.09343263])]
3.8076152304609217,[array([0.56877004, 0.72694869, 0.43015967]), array([ 0.98314707, -0.01880334,  0.1568009 , -0.09209646])]
3.8276553106212425,[array([0.57002763, 0.7256813 , 0.43085611]), array([ 0.98373219, -0.01890804,  0.15396097, -0.09060624])]
3.847695390781563,[array([0.57128831, 0.72441793, 0.43154061]), array([ 0.98424342, -0.01908783,  0.15144003, -0.08925506])]
3.8677354709418834,[array([0.57255209, 0.72315051, 0.43221391]), array([ 0.98475323, -0.01925089,  0.14889046, -0.08787552])]
3.8877755511022043,[array([0.57381909, 0.72187669, 0.43287603]), array([ 0.98528041, -0.01936557,  0.14621993, -0.0864131 ])]
3.9078156312625247,[array([0.57507381, 0.72058143, 0.43352472]), array([ 0.98578506, -0.01950766,  0.14366843, -0.08489193])]
3.9278557114228456,[array([0.57636072, 0.71932626, 0.43416612]), array([ 0.98625147, -0.01967458,  0.14117179, -0.08361499])]
3.947895791583166,[array([0.57763645, 0.71804868, 0.43479393]), array([ 0.98671114, -0.01983351,  0.13872779, -0.08223352])]
3.967935871743487,[array([0.57891481, 0.71676704, 0.43541037]), array([ 0.9871692 , -0.01997573,  0.13625611, -0.08082206])]
3.9879759519038074,[array([0.58019592, 0.71548197, 0.43601543]), array([ 0.98762276, -0.02010525,  0.13377026, -0.0793888 ])]
4.008016032064128,[array([0.58147974, 0.71419363, 0.43660906]), array([ 0.98807093, -0.02022311,  0.13127415, -0.07793561])]
4.028056112224449,[array([0.58276174, 0.71288277, 0.43719132]), array([ 0.98860604, -0.02016695,  0.12826793, -0.07614933])]
4.04809619238477,[array([0.58405603, 0.71159941, 0.4377626 ]), array([ 0.98901118, -0.02031688,  0.1259076 , -0.07477559])]
4.06813627254509,[array([0.58534967, 0.71029564, 0.43832324]), array([ 0.98947359, -0.02027141,  0.12304386, -0.0734254 ])]
4.0881763527054105,[array([0.58664267, 0.70899692, 0.43886992]), array([ 0.98989562, -0.02040885,  0.12066391, -0.07162652])]
4.108216432865731,[array([0.58793893, 0.70769827, 0.43940573]), array([ 0.99027644, -0.02053612,  0.11833984, -0.07018925])]
4.128256513026052,[array([0.58923756, 0.70639702, 0.43992998]), array([ 0.99064982, -0.02065647,  0.11601828, -0.06874586])]
4.148296593186372,[array([0.59053849, 0.70509315, 0.44044267]), array([ 0.9910163 , -0.02076966,  0.11369796, -0.06729111])]
4.168336673346693,[array([0.5918413 , 0.70379108, 0.44094344]), array([ 0.99134659, -0.02093463,  0.11156284, -0.06593483])]
4.188376753507014,[array([0.5931471 , 0.70247793, 0.4414332 ]), array([ 0.9917278 , -0.02097452,  0.10906594, -0.06434798])]
4.208416833667335,[array([0.59445505, 0.70116238, 0.4419113 ]), array([ 0.99210047, -0.02100715,  0.10657386, -0.06274849])]
4.228456913827655,[array([0.59576511, 0.69984446, 0.44237774]), array([ 0.99246485, -0.02103192,  0.10408485, -0.06113523])]
4.248496993987976,[array([0.59707724, 0.69852419, 0.4428325 ]), array([ 0.99282105, -0.02104847,  0.10159808, -0.05950757])]
4.268537074148297,[array([0.59839138, 0.69720156, 0.44327556]), array([ 0.99316944, -0.02105562,  0.09911074, -0.05786357])]
4.288577154308617,[array([0.599707  , 0.69588056, 0.44370663]), array([ 0.99348638, -0.0211109 ,  0.09679006, -0.05631014])]
4.3086172344689375,[array([0.60102436, 0.69455761, 0.44412599]), array([ 0.99379431, -0.02116448,  0.09448311, -0.05475288])]
4.328657314629258,[array([0.60234354, 0.69323235, 0.44453363]), array([ 0.99409592, -0.02120853,  0.09217106, -0.05317882])]
4.348697394789579,[array([0.60366446, 0.691905  , 0.4449295 ]), array([ 0.9943902 , -0.02124538,  0.08986108, -0.05159224])]
4.368737474949899,[array([0.60498706, 0.69057562, 0.44531361]), array([ 0.99467701, -0.02127523,  0.08755381, -0.04999346])]
4.38877755511022,[array([0.6063113 , 0.68924428, 0.44568593]), array([ 0.99495631, -0.0212981 ,  0.08524944, -0.04838252])]
4.408817635270541,[array([0.60763752, 0.68790865, 0.44604656]), array([ 0.99524049, -0.02127665,  0.08284821, -0.0466889 ])]
4.428857715430862,[array([0.60896392, 0.68657963, 0.44639488]), array([ 0.99547331, -0.02137988,  0.08080792, -0.04523131])]
4.448897795591182,[array([0.61029209, 0.68524617, 0.44673157]), array([ 0.99571293, -0.02143802,  0.07866034, -0.04368893])]
4.468937875751503,[array([0.61162168, 0.68391065, 0.44705643]), array([ 0.9959473 , -0.02148522,  0.07650267, -0.04212717])]
4.488977955911824,[array([0.61295512, 0.68256279, 0.44736993]), array([ 0.99622708, -0.02133928,  0.07388419, -0.04021653])]
4.509018036072144,[array([0.61428774, 0.68122065, 0.44767105]), array([ 0.99645973, -0.02132036,  0.07161441, -0.03853333])]
4.529058116232465,[array([0.61561824, 0.67989291, 0.4479597 ]), array([ 0.99661294, -0.02157042,  0.07001957, -0.03734459])]
4.5490981963927855,[array([0.61695095, 0.67856079, 0.44823673]), array([ 0.99677715, -0.02175944,  0.06828047, -0.03605025])]
4.569138276553106,[array([0.61828721, 0.67721257, 0.44850261]), array([ 0.99699768, -0.02170564,  0.06594147, -0.03429609])]
4.589178356713426,[array([0.61962612, 0.67585909, 0.44875657]), array([ 0.99722753, -0.02155987,  0.06343124, -0.03238689])]
4.609218436873747,[array([0.62096178, 0.67452126, 0.44899778]), array([ 0.99737803, -0.02171398,  0.06166593, -0.03103033])]
4.629258517034068,[array([0.62230002, 0.67317408, 0.44922743]), array([ 0.99755445, -0.02172403,  0.05956902, -0.02940623])]
4.649298597194389,[array([0.62363802, 0.67181394, 0.44944491]), array([ 0.99775306, -0.02157131,  0.05717236, -0.02747421])]
4.669338677354709,[array([0.62495613, 0.67044422, 0.44964782]), array([ 0.99789409, -0.02161897,  0.05544824, -0.02579722])]
4.68937875751503,[array([0.62631939, 0.66912041, 0.44984517]), array([ 0.99805503, -0.02166385,  0.05314005, -0.0243508 ])]
4.709418837675351,[array([0.62766248, 0.66776889, 0.45002738]), array([ 0.9982079 , -0.02163121,  0.0509889 , -0.02265405])]
4.729458917835671,[array([0.62900473, 0.66641732, 0.45019737]), array([ 0.99834628, -0.02162932,  0.04894209, -0.02101292])]
4.749498997995992,[array([0.63034752, 0.66506401, 0.45035539]), array([ 0.99847947, -0.02161115,  0.04687852, -0.01934179])]
4.7695390781563125,[array([0.63169203, 0.6637046 , 0.45050165]), array([ 0.99862037, -0.02149238,  0.04460718, -0.01748246])]
4.789579158316633,[array([0.63303182, 0.66235696, 0.45063499]), array([ 0.99871239, -0.02163243,  0.04296626, -0.01610876])]
4.809619238476953,[array([0.63437401, 0.66098515, 0.45075719]), array([ 0.99885227, -0.02140103,  0.04049807, -0.01400181])]
4.829659318637274,[array([0.63573029, 0.65961676, 0.450869  ]), array([ 0.99900452, -0.02100126,  0.03759373, -0.01164579])]
4.849699398797595,[array([0.6370815 , 0.6582399 , 0.45096801]), array([ 0.99914399, -0.02055952,  0.03470257, -0.00918234])]
4.869739478957916,[array([0.63843314, 0.65686186, 0.451055  ]), array([ 0.99926975, -0.02009646,  0.03180382, -0.00667897])]
4.889779559118236,[array([0.6397852 , 0.65548293, 0.45112995]), array([ 0.99938114, -0.01961511,  0.02890366, -0.00414181])]
4.909819639278557,[array([0.64113673, 0.65410291, 0.45119273]), array([ 0.99947699, -0.01912568,  0.02602756, -0.00158797])]
4.929859719438878,[array([0.64249022, 0.65272453, 0.45124376]), array([ 9.99557691e-01, -1.86277873e-02,  2.31619049e-02,  9.76916547e-04])]
4.949899799599198,[array([0.64384212, 0.65134804, 0.45128249]), array([ 0.99961976, -0.01818144,  0.02044287,  0.00344459])]
4.969939879759519,[array([0.64519458, 0.64996994, 0.45130924]), array([ 0.99966919, -0.01769593,  0.01767961,  0.00598328])]
4.98997995991984,[array([0.64654778, 0.64858968, 0.45132402]), array([ 0.99970538, -0.01715818,  0.01484603,  0.00862215])]
5.01002004008016,[array([0.64790224, 0.64720618, 0.45132683]), array([ 0.99972739, -0.01653699,  0.01189177,  0.01141355])]
5.03006012024048,[array([0.64925309, 0.64583287, 0.45131723]), array([ 0.99973056, -0.01612842,  0.00938497,  0.01380576])]
5.050100200400801,[array([0.65060743, 0.64444918, 0.45129598]), array([ 0.99972075, -0.01548384,  0.00645646,  0.0166428 ])]
5.070140280561122,[array([0.65195797, 0.64307619, 0.4512623 ]), array([ 0.99969695, -0.01506059,  0.00398639,  0.01906037])]
5.090180360721443,[array([0.65331197, 0.64169298, 0.45121694]), array([ 0.99965524, -0.01439762,  0.00109963,  0.02192952])]
5.110220440881763,[array([0.65466321, 0.64031753, 0.45115922]), array([ 0.99960212, -0.01388732, -0.0014618 ,  0.02450734])]
5.130260521042084,[array([0.6560154 , 0.6389386 , 0.45108963]), array([ 0.99953149, -0.01328533, -0.00415978,  0.02725815])]
5.150300601202405,[array([0.65736738, 0.63755956, 0.45100801]), array([ 0.99944476, -0.01266244, -0.00685855,  0.03004644])]
5.170340681362725,[array([0.65871644, 0.63618772, 0.45091414]), array([ 0.9993527 , -0.01218579, -0.0092618 ,  0.03255627])]
5.190380761523046,[array([0.66006769, 0.63480923, 0.45080844]), array([ 0.9992355 , -0.01153381, -0.01193948,  0.03539528])]
5.210420841683367,[array([0.66141972, 0.63342826, 0.45069075]), array([ 0.99909589, -0.01079571, -0.01472352,  0.03839363])]
5.2304609218436875,[array([0.66276828, 0.63205219, 0.45056039]), array([ 0.99895056, -0.0101608 , -0.01725769,  0.04119103])]
5.2505010020040075,[array([0.66411538, 0.63068416, 0.45041895]), array([ 0.99880556, -0.00968442, -0.01957617,  0.04370856])]
5.270541082164328,[array([0.66546386, 0.62930923, 0.4502651 ]), array([ 0.99862888, -0.00901582, -0.02213674,  0.04657287])]
5.290581162324649,[array([0.66681142, 0.62793573, 0.45009915]), array([ 0.99843843, -0.00834978, -0.02465258,  0.04942906])]
5.31062124248497,[array([0.66815517, 0.62657056, 0.44992091]), array([ 0.99825764, -0.00785487, -0.02684856,  0.0519533 ])]
5.33066132264529,[array([0.66949422, 0.62519556, 0.4497298 ]), array([ 0.99804696, -0.00723289, -0.02919219,  0.05475179])]
5.350701402805611,[array([0.6708437 , 0.62383139, 0.44952897]), array([ 0.99781985, -0.00658736, -0.03162424,  0.05755056])]
5.370741482965932,[array([0.67218754, 0.62246428, 0.449315  ]), array([ 0.99757961, -0.00593288, -0.03398426,  0.06037206])]
5.390781563126252,[array([0.67353004, 0.62109761, 0.44908893]), array([ 0.99732405, -0.00526239, -0.0363303 ,  0.0632231 ])]
5.410821643286573,[array([0.67486874, 0.619738  , 0.44885078]), array([ 0.99708226, -0.00474038, -0.03842026,  0.06579046])]
5.430861723446894,[array([0.67620817, 0.61837131, 0.44860053]), array([ 0.9967946 , -0.00402069, -0.04076243,  0.06872254])]
5.4509018036072145,[array([0.67754509, 0.6170164 , 0.44833855]), array([ 0.9965343 , -0.00351449, -0.04277234,  0.0712571 ])]
5.4709418837675345,[array([0.67888199, 0.61565787, 0.44806452]), array([ 0.99624013, -0.00288363, -0.04492653,  0.0740195 ])]
5.490981963927855,[array([0.68021743, 0.61430032, 0.44777849]), array([ 0.99593228, -0.00223894, -0.0470656 ,  0.0768031 ])]
5.511022044088176,[array([0.6815548 , 0.6129376 , 0.44748047]), array([ 0.99557073, -0.00139666, -0.04944069,  0.0799537 ])]
5.531062124248497,[array([0.6828888 , 0.6115807 , 0.44717047]), array([ 9.95219598e-01, -6.63065727e-04, -5.16283633e-02,  8.28976731e-02])]
5.551102204408817,[array([0.68421832, 0.61023181, 0.4468485 ]), array([ 9.94896766e-01, -9.90974460e-05, -5.35504744e-02,  8.55146934e-02])]
5.571142284569138,[array([0.68554637, 0.60888407, 0.44651465]), array([ 9.94560727e-01,  4.79704648e-04, -5.54672877e-02,  8.81595742e-02])]
5.591182364729459,[array([0.68687281, 0.60753812, 0.4461689 ]), array([ 0.99421439,  0.00106318, -0.05736074,  0.0908095 ])]
5.611222444889779,[array([0.6882022 , 0.60618575, 0.44581107]), array([ 0.99379323,  0.00190614, -0.0595501 ,  0.09394235])]
5.6312625250501,[array([0.6895253 , 0.60484364, 0.44544149]), array([ 0.99342461,  0.00250006, -0.06139233,  0.09660373])]
5.651302605210421,[array([0.69084827, 0.6035012 , 0.4450599 ]), array([ 0.99302454,  0.00318053, -0.06330571,  0.09942101])]
5.671342685370742,[array([0.69216777, 0.60216328, 0.44466656]), array([ 0.9926364 ,  0.00378026, -0.06509413,  0.10208547])]
5.691382765531062,[array([0.69348563, 0.60082693, 0.44426135]), array([ 0.99223436,  0.00439942, -0.06687644,  0.10478151])]
5.7114228456913825,[array([0.69480163, 0.5994926 , 0.44384429]), array([ 0.99182125,  0.0050274 , -0.06863903,  0.10748962])]
5.731462925851703,[array([0.69611911, 0.5981551 , 0.44341515]), array([ 0.9913446 ,  0.00584305, -0.07058232,  0.11054358])]
5.751503006012024,[array([0.69743163, 0.59682453, 0.44297437]), array([ 0.99090271,  0.00650741, -0.07232103,  0.1133099 ])]
5.771543086172344,[array([0.69873845, 0.59550353, 0.4425217 ]), array([ 0.99051877,  0.00697076, -0.07377917,  0.11567458])]
5.791583166332665,[array([0.70005036, 0.59417024, 0.44205747]), array([ 0.98998792,  0.00784745, -0.07572638,  0.1188606 ])]
5.811623246492986,[array([0.70135528, 0.59284884, 0.44158144]), array([ 0.98953807,  0.00845545, -0.07731668,  0.12151148])]
5.831663326653306,[array([0.70265829, 0.59152943, 0.44109361]), array([ 0.9890737 ,  0.00908603, -0.07890034,  0.12419904])]
5.851703406813627,[array([0.70395931, 0.59021207, 0.44059399]), array([ 0.98859461,  0.00973873, -0.08047675,  0.12692261])]
5.871743486973948,[array([0.70525587, 0.58889974, 0.44008269]), array([ 0.98813884,  0.01030357, -0.08192734,  0.12947349])]
5.891783567134269,[array([0.70654281, 0.58758383, 0.43955913]), array([ 0.98767843,  0.01084416, -0.08332058,  0.13202803])]
5.911823647294589,[array([0.70784464, 0.58627972, 0.43902542]), array([ 0.98716102,  0.01154764, -0.08490185,  0.1348015 ])]
5.9318637274549095,[array([0.70913523, 0.58497465, 0.43847919]), array([ 0.98666599,  0.0121628 , -0.08633154,  0.13743783])]
5.95190380761523,[array([0.71042337, 0.58367194, 0.43792126]), array([ 0.98615834,  0.01279486, -0.08774823,  0.14010093])]
5.971943887775551,[array([0.71170894, 0.58237184, 0.43735167]), array([ 0.98564016,  0.01343771, -0.08914599,  0.14277918])]
5.991983967935871,[array([0.7129338 , 0.58100879, 0.43676052]), array([ 0.98497604,  0.01449813, -0.09056773,  0.14631985])]
6.012024048096192,[array([0.71426832, 0.57978239, 0.43617799]), array([ 0.98462783,  0.01460729, -0.09175514,  0.1479042 ])]
6.032064128256513,[array([0.71554713, 0.57849214, 0.4355738 ]), array([ 0.9840844 ,  0.01526631, -0.0930904 ,  0.15059553])]
6.052104208416833,[array([0.7168223 , 0.57720402, 0.43495791]), array([ 0.98353093,  0.0159354 , -0.09440112,  0.15330169])]
6.072144288577154,[array([0.71809441, 0.57591916, 0.43433052]), array([ 0.98297235,  0.01660076, -0.09568039,  0.15599693])]
6.092184368737475,[array([0.71935785, 0.57464266, 0.43369266]), array([ 0.98250827,  0.01700694, -0.09673542,  0.15821037])]
6.112224448897796,[array([0.72062405, 0.57336415, 0.43304233]), array([ 0.981936  ,  0.01767838, -0.09796869,  0.16090776])]
6.132264529058116,[array([0.72189127, 0.57208565, 0.43237973]), array([ 0.98128472,  0.01853469, -0.09930485,  0.1639369 ])]
6.152304609218437,[array([0.7231456 , 0.57081863, 0.43170766]), array([ 0.98080188,  0.0189515 , -0.10030142,  0.16615698])]
6.1723446893787575,[array([0.72440278, 0.56955011, 0.43102303]), array([ 0.98020558,  0.01963822, -0.10146387,  0.16886811])]
6.192384769539078,[array([0.72564872, 0.56829105, 0.43032873]), array([ 0.97974723,  0.01997407, -0.10236637,  0.17093138])]
6.212424849699398,[array([0.72689744, 0.56703087, 0.42962188]), array([ 0.97917558,  0.02057618, -0.10342591,  0.17347877])]
6.232464929859719,[array([0.72814289, 0.56577419, 0.42890374]), array([ 0.97859762,  0.02118113, -0.10446313,  0.17602704])]
6.25250501002004,[array([0.72939127, 0.56451706, 0.42817293]), array([ 0.97790176,  0.022053  , -0.1056383 ,  0.17905964])]
6.27254509018036,[array([0.73062777, 0.5632686 , 0.42743285]), array([ 0.97734741,  0.0225713 , -0.10657903,  0.18144828])]
6.292585170340681,[array([0.73186312, 0.56202289, 0.42668098]), array([ 0.97675119,  0.02318203, -0.10754457,  0.18399422])]
6.312625250501002,[array([0.73309286, 0.56078208, 0.42591845]), array([ 0.9761875 ,  0.02370653, -0.1084389 ,  0.18637857])]
6.332665330661323,[array([0.73431903, 0.55954494, 0.42514481]), array([ 0.97561874,  0.02423303, -0.10931378,  0.18876263])]
6.352705410821643,[array([0.73554159, 0.55831153, 0.42436008]), array([ 0.97504496,  0.0247615 , -0.11016922,  0.19114636])]
6.372745490981964,[array([0.7367605 , 0.55708188, 0.4235643 ]), array([ 0.97446621,  0.02529191, -0.11100526,  0.19352973])]
6.3927855711422845,[array([0.7379757 , 0.55585606, 0.4227575 ]), array([ 0.97388253,  0.0258242 , -0.11182191,  0.19591272])]
6.4128256513026045,[array([0.73918714, 0.5546341 , 0.42193972]), array([ 0.97329396,  0.02635835, -0.11261918,  0.19829531])]
6.432865731462925,[array([0.74039479, 0.55341606, 0.42111098]), array([ 0.97270055,  0.02689429, -0.11339711,  0.20067745])]
6.452905811623246,[array([0.74159858, 0.55220199, 0.42027131]), array([ 0.97210233,  0.027432  , -0.11415571,  0.20305913])]
6.472945891783567,[array([0.74279847, 0.55099193, 0.41942076]), array([ 0.97149936,  0.02797143, -0.11489502,  0.20544034])]
6.492985971943887,[array([0.74398322, 0.5497901 , 0.41856244]), array([ 0.97109384,  0.02808274, -0.11543715,  0.20703233])]
6.513026052104208,[array([0.74517513, 0.54858797, 0.41769028]), array([ 0.97048207,  0.02862739, -0.11614589,  0.20941623])]
6.533066132264529,[array([0.74636973, 0.54738788, 0.41680554]), array([ 0.96974685,  0.02941768, -0.11693246,  0.2122556 ])]
6.55310621242485,[array([0.74754917, 0.54619567, 0.41591297]), array([ 0.96920355,  0.02980801, -0.11753528,  0.21433948])]
6.57314629258517,[array([0.74873125, 0.54500568, 0.41500784]), array([ 0.96853614,  0.03044412, -0.11821306,  0.21687916])]
6.593186372745491,[array([0.74990432, 0.54382106, 0.41409348]), array([ 0.96794758,  0.03090689, -0.1188145 ,  0.21910126])]
6.613226452905812,[array([0.75106872, 0.54264169, 0.41316984]), array([ 0.96743292,  0.03121102, -0.1193504 ,  0.22103144])]
6.633266533066132,[array([0.75223319, 0.54146556, 0.41223433]), array([ 0.96683687,  0.03167683, -0.11992161,  0.22325287])]
6.6533066132264524,[array([0.75339342, 0.5402937 , 0.41128824]), array([ 0.96623391,  0.03214989, -0.12047858,  0.22548465])]
6.673346693386773,[array([0.75454399, 0.53912693, 0.41033332]), array([ 0.9657171 ,  0.03244084, -0.12097338,  0.22738406])]
6.693386773547094,[array([0.75569714, 0.5379639 , 0.4093658 ]), array([ 0.96507983,  0.03297091, -0.12151185,  0.2297144 ])]
6.713426853707414,[array([0.75684147, 0.53680552, 0.4083892 ]), array([ 0.96450807,  0.03336202, -0.12200298,  0.23178963])]
6.733466933867735,[array([0.7579815 , 0.53565149, 0.40740215]), array([ 0.96392708,  0.03376607, -0.1224831 ,  0.23388528])]
6.753507014028056,[array([0.75912268, 0.53450162, 0.4064029 ]), array([ 0.9632443 ,  0.03436692, -0.12298555,  0.23633429])]
6.773547094188377,[array([0.76025465, 0.53335702, 0.40539463]), array([ 0.96263536,  0.03482102, -0.12343053,  0.23850695])]
6.793587174348697,[array([0.761375  , 0.53221517, 0.40437775]), array([ 0.96210226,  0.03511788, -0.12383387,  0.2403979 ])]
6.813627254509018,[array([0.76249949, 0.53108043, 0.4033498 ]), array([ 0.96148588,  0.03555221, -0.12428971,  0.24255518])]
6.833667334669339,[array([0.76361517, 0.52994942, 0.40231197]), array([ 0.96090141,  0.03593263, -0.12469622,  0.244598  ])]
6.853707414829659,[array([0.76473173, 0.52882331, 0.40126209]), array([ 0.96021864,  0.03649819, -0.1251085 ,  0.2469735 ])]
6.8737474949899795,[array([0.76583816, 0.5277018 , 0.4002039 ]), array([ 0.95961745,  0.03689995, -0.12548658,  0.24904992])]
6.8937875751503,[array([0.7669339 , 0.52658522, 0.39913767]), array([ 0.95911298,  0.03711579, -0.12582895,  0.25078233])]
6.913827655310621,[array([0.76803811, 0.52547376, 0.39805665]), array([ 0.95837292,  0.03777354, -0.12619304,  0.25331763])]
6.933867735470941,[array([0.76912006, 0.52436282, 0.39696979]), array([ 0.95783452,  0.03804564, -0.12649361,  0.25515667])]
6.953907815631262,[array([0.77021274, 0.52326388, 0.3958719 ]), array([ 0.95719417,  0.03848766, -0.12685796,  0.25730347])]
6.973947895791583,[array([0.77128732, 0.52216606, 0.39476674]), array([ 0.95668936,  0.03868019, -0.12716892,  0.25899302])]
6.993987975951904,[array([0.77236571, 0.52107424, 0.39364853]), array([ 0.95603299,  0.03915232, -0.12747123,  0.26118787])]
7.014028056112224,[array([0.77343049, 0.51998613, 0.39252353]), array([ 0.95550488,  0.03938121, -0.12775985,  0.26293908])]
7.034068136272545,[array([0.77449973, 0.51890454, 0.39138536]), array([ 0.95481693,  0.03990111, -0.12803285,  0.26521713])]
7.054108216432866,[array([0.77556131, 0.51782769, 0.39023826]), array([ 0.95415936,  0.04035961, -0.12828792,  0.26738216])]
7.074148296593186,[array([0.77660636, 0.51674866, 0.38908233]), array([ 0.95353505,  0.04074563, -0.12850609,  0.2694381 ])]
7.0941883767535066,[array([0.77765849, 0.51568686, 0.38791869]), array([ 0.95297402,  0.04101922, -0.1287734 ,  0.27124777])]
7.114228456913827,[array([0.77869668, 0.51462473, 0.38674656]), array([ 0.95244821,  0.04121915, -0.12902658,  0.27293869])]
7.134268537074148,[array([0.77972816, 0.51356704, 0.38556492]), array([ 0.95191919,  0.04142327, -0.12926102,  0.27463712])]
7.154308617234468,[array([0.78076388, 0.51251681, 0.38437024]), array([ 0.95123247,  0.04190597, -0.12945609,  0.27684256])]
7.174348697394789,[array([0.78178506, 0.51146965, 0.3831695 ]), array([ 0.95067858,  0.04214643, -0.12966558,  0.27860501])]
7.19438877755511,[array([0.78280258, 0.51042844, 0.38195875]), array([ 0.95009202,  0.04244258, -0.12985508,  0.28046647])]
7.214428857715431,[array([0.78381568, 0.50939242, 0.38073815]), array([ 0.94947236,  0.04278986, -0.13002988,  0.28242433])]
7.234468937875751,[array([0.78481537, 0.50835688, 0.37950878]), array([ 0.9488697 ,  0.04310305, -0.13017144,  0.28433045])]
7.254509018036072,[array([0.78582225, 0.50733587, 0.37827089]), array([ 0.94826885,  0.04340223, -0.13037352,  0.2861908 ])]
7.274549098196393,[array([0.78681729, 0.50631641, 0.37702376]), array([ 0.94766819,  0.04370118, -0.13053081,  0.28805714])]
7.294589178356713,[array([0.78781015, 0.50530335, 0.37576609]), array([ 0.94700186,  0.04410808, -0.130655  ,  0.29012279])]
7.314629258517034,[array([0.78878321, 0.50429159, 0.37450466]), array([ 0.94654022,  0.04416044, -0.13083915,  0.29153488])]
7.3346693386773545,[array([0.78976386, 0.50328962, 0.37322921]), array([ 0.94587081,  0.04456352, -0.13093866,  0.29359424])]
7.354709418837675,[array([0.79072803, 0.50228958, 0.37194876]), array([ 0.94534749,  0.04471206, -0.13108567,  0.29518724])]
7.374749498997995,[array([0.7916902 , 0.5012939 , 0.37065555]), array([ 0.9446605 ,  0.04512464, -0.13112352,  0.29729939])]
7.394789579158316,[array([0.79262145, 0.50028919, 0.36935769]), array([ 0.94410922,  0.0452787 , -0.13114889,  0.29901101])]
7.414829659318637,[array([0.7936033 , 0.49932974, 0.36804831]), array([ 0.94348778,  0.04562105, -0.13137839,  0.30081431])]
7.434869739478958,[array([0.79454725, 0.49835459, 0.36673244]), array([ 0.94292371,  0.04582433, -0.13149237,  0.30249753])]
7.454909819639278,[array([0.79548816, 0.49738597, 0.36540639]), array([ 0.94229361,  0.04613213, -0.13156041,  0.30437878])]
7.474949899799599,[array([0.79641655, 0.49642062, 0.36407418]), array([ 0.94174668,  0.04629819, -0.13166401,  0.30599715])]
7.49498997995992,[array([0.79734117, 0.49546208, 0.3627326 ]), array([ 0.9411608 ,  0.04652358, -0.13174044,  0.30772773])]
7.51503006012024,[array([0.79825939, 0.49450934, 0.36138267]), array([ 0.94057225,  0.04674896, -0.1318087 ,  0.30945896])]
7.535070140280561,[array([0.7991709 , 0.4935622 , 0.36002436]), array([ 0.93997707,  0.04698121, -0.13186497,  0.31120331])]
7.5551102204408815,[array([0.80008656, 0.49262531, 0.35865354]), array([ 0.93922349,  0.04746475, -0.13181545,  0.3134183 ])]
7.575150300601202,[array([0.80097637, 0.49168688, 0.35728308]), array([ 0.93877871,  0.04744436, -0.13195846,  0.31469117])]
7.595190380761522,[array([0.8018825 , 0.49076392, 0.35589522]), array([ 0.93799461,  0.04796131, -0.13187675,  0.31697688])]
7.615230460921843,[array([0.80276338, 0.48983883, 0.35450633]), array([ 0.9374623 ,  0.04807662, -0.13194676,  0.31850138])]
7.635270541082164,[array([0.80364863, 0.48892454, 0.35310525]), array([ 0.93677518,  0.04842939, -0.13191036,  0.32047857])]
7.655310621242485,[array([0.80451818, 0.48801241, 0.35169985]), array([ 0.93621536,  0.04857731, -0.13195401,  0.32207015])]
7.675350701402805,[array([0.80538489, 0.48710812, 0.35028506]), array([ 0.93559942,  0.04880886, -0.1319523 ,  0.32382095])]
7.695390781563126,[array([0.80624111, 0.48620824, 0.34886399]), array([ 0.93503444,  0.0489567 , -0.13198281,  0.32541415])]
7.715430861723447,[array([0.80709447, 0.48531633, 0.34743363]), array([ 0.93441296,  0.04918778, -0.13196582,  0.32716664])]
7.735470941883767,[array([0.80793724, 0.48442887, 0.34599714]), array([ 0.93384293,  0.04933495, -0.13198331,  0.32876108])]
7.755511022044088,[array([0.80877711, 0.48354948, 0.34455145]), array([ 0.93321585,  0.0495654 , -0.13195095,  0.33051536])]
7.775551102204409,[array([0.80960624, 0.48267451, 0.34309977]), array([ 0.9326404 ,  0.04971268, -0.13195496,  0.33211206])]
7.7955911823647295,[array([0.81236146, 0.48111661, 0.34218028]), array([ 0.93210467,  0.04967857, -0.13062509,  0.33414071])]
7.8156312625250495,[array([0.81315856, 0.48026466, 0.34069531]), array([ 0.93146813,  0.04991163, -0.13059029,  0.33589005])]
7.83567134268537,[array([0.81394282, 0.47941747, 0.33920811]), array([ 0.9308839 ,  0.0500625 , -0.13059394,  0.33748206])]
7.855711422845691,[array([0.81471997, 0.4785767 , 0.33771376]), array([ 0.93029708,  0.050213  , -0.13059141,  0.33907503])]
7.875751503006012,[array([0.81548998, 0.4777424 , 0.33621231]), array([ 0.92970768,  0.0503631 , -0.13058266,  0.34066899])]
7.895791583166332,[array([0.81625282, 0.47691459, 0.33470383]), array([ 0.92911567,  0.05051274, -0.13056768,  0.34226395])]
7.915831663326653,[array([0.81700845, 0.4760933 , 0.33318839]), array([ 0.92852104,  0.05066192, -0.13054643,  0.34385996])]
7.935871743486974,[array([0.81775685, 0.47527858, 0.33166606]), array([ 0.9279238 ,  0.05081054, -0.1305189 ,  0.34545699])]
7.955911823647294,[array([0.818498  , 0.47447044, 0.33013689]), array([ 0.92732392,  0.05095857, -0.13048507,  0.34705506])]
7.975951903807615,[array([0.81923185, 0.47366893, 0.32860095]), array([ 0.92672141,  0.05110596, -0.1304449 ,  0.34865418])]
7.995991983967936,[array([0.81995839, 0.47287408, 0.32705832]), array([ 0.92611625,  0.05125265, -0.13039838,  0.35025437])]
8.016032064128256,[array([0.82067758, 0.47208591, 0.32550905]), array([ 0.92550843,  0.05139859, -0.13034548,  0.35185563])]
8.036072144288577,[array([0.82138349, 0.47130213, 0.32395848]), array([ 0.924955  ,  0.05146437, -0.13034288,  0.35329931])]
8.056112224448897,[array([0.82208789, 0.47052738, 0.32239616]), array([ 0.92434203,  0.05160891, -0.13027814,  0.35490272])]
8.076152304609218,[array([0.82278486, 0.4697594 , 0.32082742]), array([ 0.92372637,  0.05175255, -0.13020694,  0.35650724])]
8.09619238476954,[array([0.82346843, 0.46899574, 0.31925763]), array([ 0.92316562,  0.05181659, -0.1301889 ,  0.35795409])]
8.11623246492986,[array([0.82415044, 0.46824136, 0.31767625]), array([ 0.92254476,  0.05195852, -0.13010571,  0.35956082])]
8.13627254509018,[array([0.82481898, 0.46749125, 0.31609399]), array([ 0.92197914,  0.05202125, -0.13007755,  0.36100981])]
8.1563126252505,[array([0.82547399, 0.46674529, 0.31451097]), array([ 0.92146925,  0.05200547, -0.13010719,  0.36230094])]
8.176352705410821,[array([0.82612138, 0.46600606, 0.31292193]), array([ 0.9209573 ,  0.05198952, -0.13013394,  0.36359303])]
8.196392785571142,[array([0.82676113, 0.46527359, 0.31132694]), array([ 0.9204433 ,  0.05197339, -0.13015776,  0.3648861 ])]
8.216432865731463,[array([0.82739322, 0.46454792, 0.30972606]), array([ 0.91992722,  0.05195704, -0.13017863,  0.36618014])]
8.236472945891784,[array([0.82802365, 0.46383189, 0.30811393]), array([ 0.91935043,  0.05201739, -0.13013072,  0.36763429])]
8.256513026052104,[array([0.8286464 , 0.4631228 , 0.30649602]), array([ 0.91877126,  0.05207695, -0.13007802,  0.36908953])]
8.276553106212425,[array([0.82926143, 0.46242069, 0.30487239]), array([ 0.91818969,  0.05213565, -0.13002051,  0.37054586])]
8.296593186372744,[array([0.82986872, 0.46172558, 0.30324312]), array([ 0.91760573,  0.05219346, -0.12995816,  0.37200328])]
8.316633266533065,[array([0.83046826, 0.46103749, 0.30160827]), array([ 0.91701937,  0.05225033, -0.12989094,  0.37346181])]
8.336673346693386,[array([0.83106002, 0.46035647, 0.29996792]), array([ 0.9164306 ,  0.0523062 , -0.12981882,  0.37492144])]
8.356713426853707,[array([0.83164397, 0.45968253, 0.29832213]), array([ 0.91583943,  0.05236104, -0.12974176,  0.37638217])]
8.376753507014028,[array([0.8322201 , 0.4590157 , 0.29667097]), array([ 0.91524585,  0.05241477, -0.12965975,  0.37784399])]
8.396793587174349,[array([0.83278837, 0.45835601, 0.29501452]), array([ 0.91464984,  0.05246736, -0.12957275,  0.37930693])]
8.41683366733467,[array([0.83334877, 0.45770348, 0.29335284]), array([ 0.91405142,  0.05251876, -0.12948071,  0.38077098])]
8.436873747494989,[array([0.83390128, 0.45705815, 0.29168601]), array([ 0.91345056,  0.05256892, -0.12938361,  0.38223614])]
8.45691382765531,[array([0.83445202, 0.45642337, 0.29000848]), array([ 0.91278665,  0.05269148, -0.12920524,  0.38386215])]
8.47695390781563,[array([0.83498869, 0.45579254, 0.28833153]), array([ 0.91218073,  0.05273868, -0.12909697,  0.38532962])]
8.496993987975952,[array([0.83552356, 0.45517241, 0.28664401]), array([ 0.91151136,  0.05285748, -0.12890541,  0.38695804])]
8.517034068136272,[array([0.8360443 , 0.45455619, 0.28495723]), array([ 0.91090036,  0.05290148, -0.12878584,  0.38842782])]
8.537074148296593,[array([0.83655705, 0.45394728, 0.28326566]), array([ 0.91028692,  0.05294396, -0.12866102,  0.38989872])]
8.557114228456914,[array([0.83703081, 0.45332792, 0.28159772]), array([ 0.90997857,  0.05262479, -0.12893485,  0.39057066])]
8.577154308617233,[array([0.83746528, 0.45269778, 0.27995364]), array([ 0.90997583,  0.05194734, -0.12961497,  0.3904426 ])]
8.597194388777554,[array([0.83789127, 0.45207458, 0.27830515]), array([ 0.90997131,  0.05127285, -0.13030001,  0.39031425])]
8.617234468937875,[array([0.83830879, 0.45145834, 0.27665232]), array([ 0.90996502,  0.05060134, -0.13098993,  0.39018561])]
8.637274549098196,[array([0.83871781, 0.45084909, 0.27499525]), array([ 0.90995695,  0.04993283, -0.13168472,  0.39005667])]
8.657314629258517,[array([0.83911833, 0.45024685, 0.27333399]), array([ 0.9099471 ,  0.04926733, -0.13238432,  0.38992743])]
8.677354709418838,[array([0.83951032, 0.44965166, 0.27166862]), array([ 0.90993548,  0.04860487, -0.1330887 ,  0.38979789])]
8.697394789579159,[array([0.83989377, 0.44906353, 0.26999922]), array([ 0.90992208,  0.04794546, -0.13379784,  0.38966803])]
8.71743486973948,[array([0.84026867, 0.44848249, 0.26832586]), array([ 0.90990692,  0.04728914, -0.13451169,  0.38953787])]
8.737474949899799,[array([0.840635  , 0.44790857, 0.26664861]), array([ 0.90988998,  0.0466359 , -0.13523022,  0.38940738])]
8.75751503006012,[array([0.84099276, 0.44734179, 0.26496755]), array([ 0.90987128,  0.04598579, -0.1359534 ,  0.38927656])]
8.77755511022044,[array([0.84134193, 0.44678217, 0.26328276]), array([ 0.90985081,  0.04533881, -0.13668119,  0.38914541])]
8.797595190380761,[array([0.84168251, 0.44622974, 0.2615943 ]), array([ 0.90982857,  0.04469498, -0.13741356,  0.38901393])]
8.817635270541082,[array([0.84201446, 0.44568453, 0.25990226]), array([ 0.90980458,  0.04405433, -0.13815046,  0.3888821 ])]
8.837675350701403,[array([0.8423378 , 0.44514654, 0.25820671]), array([ 0.90977883,  0.04341687, -0.13889188,  0.38874993])]
8.857715430861724,[array([0.8426525 , 0.44461581, 0.25650772]), array([ 0.90975132,  0.04278261, -0.13963776,  0.3886174 ])]
8.877755511022043,[array([0.84295856, 0.44409236, 0.25480537]), array([ 0.90972205,  0.04215159, -0.14038808,  0.38848452])]
8.897795591182364,[array([0.84325597, 0.44357621, 0.25309973]), array([ 0.90969104,  0.04152382, -0.1411428 ,  0.38835126])]
8.917835671342685,[array([0.84354472, 0.44306738, 0.25139089]), array([ 0.90965827,  0.04089931, -0.14190188,  0.38821764])]
8.937875751503006,[array([0.84382479, 0.44256589, 0.24967891]), array([ 0.90962376,  0.04027809, -0.14266529,  0.38808363])]
8.957915831663327,[array([0.84409618, 0.44207177, 0.24796387]), array([ 0.90958751,  0.03966017, -0.14343299,  0.38794925])]
8.977955911823647,[array([0.84435889, 0.44158502, 0.24624585]), array([ 0.90954951,  0.03904557, -0.14420495,  0.38781447])]
8.997995991983968,[array([0.8446129 , 0.44110568, 0.24452492]), array([ 0.90950978,  0.03843431, -0.14498113,  0.38767929])]
9.018036072144287,[array([0.84485821, 0.44063375, 0.24280116]), array([ 0.90946832,  0.0378264 , -0.1457615 ,  0.38754371])]
9.038076152304608,[array([0.84509481, 0.44016927, 0.24107464]), array([ 0.90942512,  0.03722187, -0.14654602,  0.38740772])]
9.05811623246493,[array([0.84532269, 0.43971224, 0.23934545]), array([ 0.9093802 ,  0.03662073, -0.14733464,  0.38727132])]
9.07815631262525,[array([0.84554185, 0.43926269, 0.23761365]), array([ 0.90933356,  0.036023  , -0.14812735,  0.38713449])]
9.098196392785571,[array([0.84575228, 0.43882063, 0.23587932]), array([ 0.9092852 ,  0.03542869, -0.14892409,  0.38699723])]
9.118236472945892,[array([0.84595398, 0.43838608, 0.23414255]), array([ 0.90923512,  0.03483783, -0.14972484,  0.38685953])]
9.138276553106213,[array([0.84614694, 0.43795906, 0.2324034 ]), array([ 0.90918333,  0.03425043, -0.15052956,  0.38672138])]
9.158316633266534,[array([0.84633116, 0.43753958, 0.23066195]), array([ 0.90912984,  0.0336665 , -0.15133821,  0.38658279])]
9.178356713426853,[array([0.84650663, 0.43712765, 0.22891828]), array([ 0.90907464,  0.03308607, -0.15215075,  0.38644374])]
9.198396793587174,[array([0.84667335, 0.43672331, 0.22717247]), array([ 0.90901774,  0.03250915, -0.15296715,  0.38630422])]
9.218436873747494,[array([0.84683132, 0.43632655, 0.22542458]), array([ 0.90895915,  0.03193576, -0.15378738,  0.38616422])]
9.238476953907815,[array([0.84698053, 0.43593739, 0.22367471]), array([ 0.90889887,  0.0313659 , -0.15461138,  0.38602375])]
9.258517034068136,[array([0.84712098, 0.43555586, 0.22192292]), array([ 0.90883691,  0.03079961, -0.15543914,  0.38588279])]
9.278557114228457,[array([0.84725268, 0.43518195, 0.22016928]), array([ 0.90877327,  0.0302369 , -0.1562706 ,  0.38574134])]
9.298597194388778,[array([0.84737561, 0.43481569, 0.21841389]), array([ 0.90870795,  0.02967777, -0.15710574,  0.38559938])]
9.318637274549097,[array([0.84748977, 0.43445709, 0.21665681]), array([ 0.90864096,  0.02912226, -0.15794452,  0.38545691])]
9.338677354709418,[array([0.84759517, 0.43410616, 0.21489812]), array([ 0.90857231,  0.02857036, -0.1587869 ,  0.38531392])]
9.358717434869739,[array([0.84860375, 0.43425916, 0.2113798 ]), array([ 0.90839541,  0.02804462, -0.15992342,  0.38529959])]
9.37875751503006,[array([0.84873771, 0.43393156, 0.20957658]), array([ 0.90832134,  0.02750265, -0.16076206,  0.38516426])]
9.39879759519038,[array([0.84886293, 0.43361189, 0.20777178]), array([ 0.90824564,  0.0269645 , -0.16160407,  0.38502844])]
9.418837675350701,[array([0.84897943, 0.43330015, 0.20596546]), array([ 0.90816831,  0.02643019, -0.16244943,  0.38489212])]
9.438877755511022,[array([0.84908719, 0.43299636, 0.20415772]), array([ 0.90808937,  0.02589971, -0.16329809,  0.3847553 ])]
9.458917835671341,[array([0.84918622, 0.43270052, 0.20234861]), array([ 0.90800881,  0.0253731 , -0.16415001,  0.38461797])]
9.478957915831662,[array([0.84927652, 0.43241265, 0.20053823]), array([ 0.90792665,  0.02485036, -0.16500516,  0.38448012])]
9.498997995991983,[array([0.84935808, 0.43213276, 0.19872664]), array([ 0.90784289,  0.02433151, -0.1658635 ,  0.38434174])]
9.519038076152304,[array([0.84943091, 0.43186085, 0.19691393]), array([ 0.90775753,  0.02381655, -0.166725  ,  0.38420282])]
9.539078156312625,[array([0.84949502, 0.43159693, 0.19510016]), array([ 0.90767059,  0.02330551, -0.16758961,  0.38406336])]
9.559118236472946,[array([0.84955039, 0.43134101, 0.19328542]), array([ 0.90758208,  0.0227984 , -0.1684573 ,  0.38392335])]
9.579158316633267,[array([0.84959704, 0.4310931 , 0.19146979]), array([ 0.90749199,  0.02229523, -0.16932803,  0.38378278])]
9.599198396793588,[array([0.84963496, 0.43085321, 0.18965333]), array([ 0.90740035,  0.02179602, -0.17020177,  0.38364163])]
9.619238476953907,[array([0.84966417, 0.43062134, 0.18783613]), array([ 0.90730714,  0.02130077, -0.17107848,  0.38349991])]
9.639278557114228,[array([0.84968465, 0.43039749, 0.18601825]), array([ 0.90721239,  0.0208095 , -0.17195812,  0.3833576 ])]
9.659318637274549,[array([0.84969642, 0.43018168, 0.18419979]), array([ 0.9071161 ,  0.02032223, -0.17284065,  0.38321469])]
9.67935871743487,[array([0.84969948, 0.42997391, 0.18238081]), array([ 0.90701827,  0.01983897, -0.17372604,  0.38307118])]
9.69939879759519,[array([0.84969383, 0.42977419, 0.1805614 ]), array([ 0.90691892,  0.01935973, -0.17461425,  0.38292706])]
9.719438877755511,[array([0.84967948, 0.42958251, 0.17874162]), array([ 0.90681805,  0.01888452, -0.17550524,  0.38278232])]
9.739478957915832,[array([0.84965643, 0.42939889, 0.17692155]), array([ 0.90671568,  0.01841336, -0.17639898,  0.38263695])]
9.759519038076151,[array([0.84962469, 0.42922333, 0.17510127]), array([ 0.9066118 ,  0.01794625, -0.17729542,  0.38249093])]
9.779559118236472,[array([0.85110575, 0.42978233, 0.17223398]), array([ 0.90645069,  0.01787928, -0.1776839 ,  0.38269557])]
9.799599198396793,[array([0.85109255, 0.42963811, 0.17039153]), array([ 0.9063439 ,  0.01743   , -0.17856965,  0.38255694])]
9.819639278557114,[array([0.85107074, 0.42950207, 0.16854891]), array([ 0.90623567,  0.01698487, -0.17945793,  0.38241767])]
9.839679358717435,[array([0.85104032, 0.42937422, 0.1667062 ]), array([ 0.90612601,  0.01654391, -0.18034869,  0.38227777])]
9.859719438877756,[array([0.8510013 , 0.42925455, 0.16486346]), array([ 0.90601494,  0.01610713, -0.1812419 ,  0.38213722])]
9.879759519038076,[array([0.85095367, 0.42914307, 0.16302077]), array([ 0.90590247,  0.01567455, -0.18213752,  0.38199601])]
9.899799599198396,[array([0.85089745, 0.42903978, 0.16117821]), array([ 0.90578859,  0.01524616, -0.18303552,  0.38185414])]
9.919839679358716,[array([0.85083264, 0.42894468, 0.15933586]), array([ 0.90567333,  0.01482199, -0.18393586,  0.38171159])]
9.939879759519037,[array([0.85075924, 0.42885778, 0.15749379]), array([ 0.90555668,  0.01440204, -0.1848385 ,  0.38156835])]
9.959919839679358,[array([0.85067727, 0.42877906, 0.15565207]), array([ 0.90543866,  0.01398633, -0.18574341,  0.38142443])]
9.97995991983968,[array([0.85058673, 0.42870854, 0.15381078]), array([ 0.90531929,  0.01357486, -0.18665054,  0.3812798 ])]
10.0,[array([0.85048763, 0.42864622, 0.15196999]), array([ 0.90519855,  0.01316765, -0.18755987,  0.38113447])]
